   4.1999979e+01
   4.2003669e+01
   4.2005095e+01
   4.2005462e+01
   4.2005356e+01
   4.2005054e+01
   4.2004691e+01
   4.2004325e+01
   4.2003983e+01
   4.2003675e+01
   4.2003401e+01
   4.2003162e+01
   4.2002952e+01
   4.2002771e+01
   4.2002613e+01
   4.2002476e+01
   4.2002358e+01
   4.2002256e+01
   4.2002168e+01
   4.2002093e+01
   4.2002027e+01
   4.2001971e+01
   4.2001923e+01
   4.2001882e+01
   4.2001847e+01
   4.2001818e+01
   4.2001792e+01
   4.2001771e+01
   4.2001753e+01
   4.2001738e+01
   4.2001725e+01
   4.2001715e+01
   4.2001706e+01
   4.2001699e+01
   4.2001693e+01
   4.2001689e+01
   4.2001685e+01
   4.2001683e+01
   4.2001681e+01
   4.2001680e+01
   4.2001679e+01
   4.2001678e+01
   4.2001678e+01
   4.2001678e+01
   4.2001679e+01
   4.2001679e+01
   4.2001680e+01
   4.2001681e+01
   4.2001682e+01
   4.2001683e+01
   4.2001683e+01
   4.2001684e+01
   4.2001685e+01
   4.2001686e+01
   4.2001686e+01
   4.2001687e+01
   4.2001687e+01
   4.2001688e+01
   4.2001688e+01
   4.2001688e+01
   4.2001688e+01
   4.2001688e+01
   4.2001688e+01
   4.2001687e+01
   4.2001687e+01
   4.2001686e+01
   4.2001685e+01
   4.2001684e+01
   4.2001683e+01
   4.2001682e+01
   4.2001680e+01
   4.2001679e+01
   4.2001677e+01
   4.2001675e+01
   4.2001673e+01
   4.2001671e+01
   4.2001669e+01
   4.2001666e+01
   4.2001664e+01
   4.2001661e+01
   4.2001658e+01
   4.2001655e+01
   4.2001652e+01
   4.2001649e+01
   4.2001645e+01
   4.2001642e+01
   4.2001638e+01
   4.2001634e+01
   4.2001630e+01
   4.2001626e+01
   4.2001622e+01
   4.2001617e+01
   4.2001613e+01
   4.2001608e+01
   4.2001603e+01
   4.2001598e+01
   4.2001593e+01
   4.2001588e+01
   4.2001582e+01
   4.2001577e+01
   4.2001571e+01
   4.2001565e+01
   4.2001559e+01
   4.2001553e+01
   4.2001547e+01
   4.2001541e+01
   4.2001534e+01
   4.2001528e+01
   4.2001521e+01
   4.2001514e+01
   4.2001508e+01
   4.2001501e+01
   4.2001493e+01
   4.2001486e+01
   4.2001479e+01
   4.2001471e+01
   4.2001464e+01
   4.2001456e+01
   4.2001448e+01
   4.2001440e+01
   4.2001432e+01
   4.2001424e+01
   4.2001416e+01
   4.2001407e+01
   4.2001399e+01
   4.2001390e+01
   4.2001382e+01
   4.2001373e+01
   4.2001364e+01
   4.2001355e+01
   4.2001346e+01
   4.2001337e+01
   4.2001327e+01
   4.2001318e+01
   4.2001309e+01
   4.2001299e+01
   4.2001289e+01
   4.2001280e+01
   4.2001270e+01
   4.2001260e+01
   4.2001250e+01
   4.2001240e+01
   4.2001229e+01
   4.2001219e+01
   4.2001209e+01
   4.2001198e+01
   4.2001188e+01
   4.2001177e+01
   4.2001167e+01
   4.2001156e+01
   4.2001145e+01
   4.2001134e+01
   4.2001123e+01
   4.2001112e+01
   4.2001101e+01
   4.2001090e+01
   4.2001079e+01
   4.2001067e+01
   4.2001056e+01
   4.2001044e+01
   4.2001033e+01
   4.2001021e+01
   4.2001010e+01
   4.2000998e+01
   4.2000986e+01
   4.2000974e+01
   4.2000962e+01
   4.2000950e+01
   4.2000938e+01
   4.2000926e+01
   4.2000914e+01
   4.2000902e+01
   4.2000890e+01
   4.2000878e+01
   4.2000865e+01
   4.2000853e+01
   4.2000841e+01
   4.2000828e+01
   4.2000816e+01
   4.2000803e+01
   4.2000791e+01
   4.2000778e+01
   4.2000765e+01
   4.2000753e+01
   4.2000740e+01
   4.2000727e+01
   4.2000715e+01
   4.2000702e+01
   4.2000689e+01
   4.2000676e+01
   4.2000663e+01
   4.2000650e+01
   4.2000637e+01
   4.2000624e+01
   4.2000611e+01
   4.2000598e+01
   4.2000585e+01
   4.2000572e+01
   4.2000559e+01
   4.2000546e+01
   4.2000533e+01
   4.2000520e+01
   4.2000507e+01
   4.2000494e+01
   4.2000480e+01
   4.2000467e+01
   4.2000454e+01
   4.2000441e+01
   4.2000428e+01
   4.2000415e+01
   4.2000401e+01
   4.2000388e+01
   4.2000375e+01
   4.2000362e+01
   4.2000348e+01
   4.2000335e+01
   4.2000322e+01
   4.2000309e+01
   4.2000296e+01
   4.2000282e+01
   4.2000269e+01
   4.2000256e+01
   4.2000243e+01
   4.2000230e+01
   4.2000217e+01
   4.2000204e+01
   4.2000190e+01
   4.2000177e+01
   4.2000164e+01
   4.2000151e+01
   4.2000138e+01
   4.2000125e+01
   4.2000112e+01
   4.2000099e+01
   4.2000086e+01
   4.2000073e+01
   4.2000060e+01
   4.2000047e+01
   4.2000034e+01
   4.2000022e+01
   4.2000009e+01
   4.1999996e+01
   4.1999983e+01
   4.1999971e+01
   4.1999958e+01
   4.1999945e+01
   4.1999933e+01
   4.1999920e+01
   4.1999907e+01
   4.1999895e+01
   4.1999882e+01
   4.1999870e+01
   4.1999858e+01
   4.1999845e+01
   4.1999833e+01
   4.1999821e+01
   4.1999808e+01
   4.1999796e+01
   4.1999784e+01
   4.1999772e+01
   4.1999760e+01
   4.1999748e+01
   4.1999736e+01
   4.1999724e+01
   4.1999712e+01
   4.1999701e+01
   4.1999689e+01
   4.1999677e+01
   4.1999666e+01
   4.1999654e+01
   4.1999643e+01
   4.1999631e+01
   4.1999620e+01
   4.1999608e+01
   4.1999597e+01
   4.1999586e+01
   4.1999575e+01
   4.1999564e+01
   4.1999553e+01
   4.1999542e+01
   4.1999531e+01
   4.1999520e+01
   4.1999509e+01
   4.1999498e+01
   4.1999488e+01
   4.1999477e+01
   4.1999467e+01
   4.1999456e+01
   4.1999446e+01
   4.1999436e+01
   4.1999426e+01
   4.1999415e+01
   4.1999405e+01
   4.1999395e+01
   4.1999385e+01
   4.1999376e+01
   4.1999366e+01
   4.1999356e+01
   4.1999347e+01
   4.1999337e+01
   4.1999328e+01
   4.1999318e+01
   4.1999309e+01
   4.1999300e+01
   4.1999291e+01
   4.1999282e+01
   4.1999273e+01
   4.1999264e+01
   4.1999255e+01
   4.1999246e+01
   4.1999238e+01
   4.1999229e+01
   4.1999221e+01
   4.1999212e+01
   4.1999204e+01
   4.1999196e+01
   4.1999188e+01
   4.1999180e+01
   4.1999172e+01
   4.1999164e+01
   4.1999156e+01
   4.1999149e+01
   4.1999141e+01
   4.1999134e+01
   4.1999126e+01
   4.1999119e+01
   4.1999112e+01
   4.1999105e+01
   4.1999097e+01
   4.1999091e+01
   4.1999084e+01
   4.1999077e+01
   4.1999070e+01
   4.1999064e+01
   4.1999057e+01
   4.1999051e+01
   4.1999045e+01
   4.1999039e+01
   4.1999032e+01
   4.1999027e+01
   4.1999021e+01
   4.1999015e+01
   4.1999009e+01
   4.1999004e+01
   4.1998998e+01
   4.1998993e+01
   4.1998987e+01
   4.1998982e+01
   4.1998977e+01
   4.1998972e+01
   4.1998967e+01
   4.1998962e+01
   4.1998958e+01
   4.1998953e+01
   4.1998949e+01
   4.1998944e+01
   4.1998940e+01
   4.1998936e+01
   4.1998932e+01
   4.1998928e+01
   4.1998924e+01
   4.1998920e+01
   4.1998916e+01
   4.1998913e+01
   4.1998909e+01
   4.1998906e+01
   4.1998902e+01
   4.1998899e+01
   4.1998896e+01
   4.1998893e+01
   4.1998890e+01
   4.1998887e+01
   4.1998885e+01
   4.1998882e+01
   4.1998879e+01
   4.1998877e+01
   4.1998875e+01
   4.1998873e+01
   4.1998870e+01
   4.1998868e+01
   4.1998867e+01
   4.1998865e+01
   4.1998863e+01
   4.1998862e+01
   4.1998860e+01
   4.1998859e+01
   4.1998857e+01
   4.1998856e+01
   4.1998855e+01
   4.1998854e+01
   4.1998853e+01
   4.1998852e+01
   4.1998852e+01
   4.1998851e+01
   4.1998851e+01
   4.1998850e+01
   4.1998850e+01
   4.1998850e+01
   4.1998849e+01
   4.1998849e+01
   4.1998850e+01
   4.1998850e+01
   4.1998850e+01
   4.1998850e+01
   4.1998851e+01
   4.1998851e+01
   4.1998852e+01
   4.1998853e+01
   4.1998854e+01
   4.1998855e+01
   4.1998856e+01
   4.1998857e+01
   4.1998858e+01
   4.1998859e+01
   4.1998861e+01
   4.1998862e+01
   4.1998864e+01
   4.1998865e+01
   4.1998867e+01
   4.1998869e+01
   4.1998871e+01
   4.1998873e+01
   4.1998875e+01
   4.1998877e+01
   4.1998880e+01
   4.1998882e+01
   4.1998885e+01
   4.1998887e+01
   4.1998890e+01
   4.1998893e+01
   4.1998896e+01
   4.1998898e+01
   4.1998902e+01
   4.1998905e+01
   4.1998908e+01
   4.1998911e+01
   4.1998914e+01
   4.1998918e+01
   4.1998921e+01
   4.1998925e+01
   4.1998929e+01
   4.1998932e+01
   4.1998936e+01
   4.1998940e+01
   4.1998944e+01
   4.1998948e+01
   4.1998952e+01
   4.1998957e+01
   4.1998961e+01
   4.1998965e+01
   4.1998970e+01
   4.1998974e+01
   4.1998979e+01
   4.1998984e+01
   4.1998989e+01
   4.1998993e+01
   4.1998998e+01
   4.1999003e+01
   4.1999008e+01
   4.1999014e+01
   4.1999019e+01
   4.1999024e+01
   4.1999029e+01
   4.1999035e+01
   4.1999040e+01
   4.1999046e+01
   4.1999051e+01
   4.1999057e+01
   4.1999063e+01
   4.1999069e+01
   4.1999075e+01
   4.1999081e+01
   4.1999087e+01
   4.1999093e+01
   4.1999099e+01
   4.1999105e+01
   4.1999111e+01
   4.1999117e+01
   4.1999124e+01
   4.1999130e+01
   4.1999137e+01
   4.1999143e+01
   4.1999150e+01
   4.1999157e+01
   4.1999163e+01
   4.1999170e+01
   4.1999177e+01
   4.1999184e+01
   4.1999191e+01
   4.1999198e+01
   4.1999205e+01
   4.1999212e+01
   4.1999219e+01
   4.1999226e+01
   4.1999233e+01
   4.1999241e+01
   4.1999248e+01
   4.1999255e+01
   4.1999263e+01
   4.1999270e+01
   4.1999278e+01
   4.1999285e+01
   4.1999293e+01
   4.1999300e+01
   4.1999308e+01
   4.1999316e+01
   4.1999323e+01
   4.1999331e+01
   4.1999339e+01
   4.1999347e+01
   4.1999355e+01
   4.1999363e+01
   4.1999371e+01
   4.1999379e+01
   4.1999387e+01
   4.1999395e+01
   4.1999403e+01
   4.1999411e+01
   4.1999419e+01
   4.1999427e+01
   4.1999435e+01
   4.1999444e+01
   4.1999452e+01
   4.1999460e+01
   4.1999468e+01
   4.1999477e+01
   4.1999485e+01
   4.1999493e+01
   4.1999502e+01
   4.1999510e+01
   4.1999519e+01
   4.1999527e+01
   4.1999536e+01
   4.1999544e+01
   4.1999553e+01
   4.1999561e+01
   4.1999570e+01
   4.1999578e+01
   4.1999587e+01
   4.1999596e+01
   4.1999604e+01
   4.1999613e+01
   4.1999621e+01
   4.1999630e+01
   4.1999639e+01
   4.1999647e+01
   4.1999656e+01
   4.1999665e+01
   4.1999673e+01
   4.1999682e+01
   4.1999691e+01
   4.1999699e+01
   4.1999708e+01
   4.1999717e+01
   4.1999726e+01
   4.1999734e+01
   4.1999743e+01
   4.1999752e+01
   4.1999760e+01
   4.1999769e+01
   4.1999778e+01
   4.1999787e+01
   4.1999795e+01
   4.1999804e+01
   4.1999813e+01
   4.1999821e+01
   4.1999830e+01
   4.1999839e+01
   4.1999847e+01
   4.1999856e+01
   4.1999865e+01
   4.1999873e+01
   4.1999882e+01
   4.1999891e+01
   4.1999899e+01
   4.1999908e+01
   4.1999916e+01
   4.1999925e+01
   4.1999934e+01
   4.1999942e+01
   4.1999951e+01
   4.1999959e+01
   4.1999968e+01
   4.1999976e+01
   4.1999985e+01
   4.1999993e+01
   4.2000001e+01
   4.2000010e+01
   4.2000018e+01
   4.2000027e+01
   4.2000035e+01
   4.2000043e+01
   4.2000051e+01
   4.2000060e+01
   4.2000068e+01
   4.2000076e+01
   4.2000084e+01
   4.2000092e+01
   4.2000101e+01
   4.2000109e+01
   4.2000117e+01
   4.2000125e+01
   4.2000133e+01
   4.2000141e+01
   4.2000149e+01
   4.2000157e+01
   4.2000165e+01
   4.2000172e+01
   4.2000180e+01
   4.2000188e+01
   4.2000196e+01
   4.2000203e+01
   4.2000211e+01
   4.2000219e+01
   4.2000226e+01
   4.2000234e+01
   4.2000241e+01
   4.2000249e+01
   4.2000256e+01
   4.2000264e+01
   4.2000271e+01
   4.2000278e+01
   4.2000286e+01
   4.2000293e+01
   4.2000300e+01
   4.2000307e+01
   4.2000314e+01
   4.2000321e+01
   4.2000329e+01
   4.2000335e+01
   4.2000342e+01
   4.2000349e+01
   4.2000356e+01
   4.2000363e+01
   4.2000370e+01
   4.2000376e+01
   4.2000383e+01
   4.2000390e+01
   4.2000396e+01
   4.2000403e+01
   4.2000409e+01
   4.2000416e+01
   4.2000422e+01
   4.2000428e+01
   4.2000434e+01
   4.2000441e+01
   4.2000447e+01
   4.2000453e+01
   4.2000459e+01
   4.2000465e+01
   4.2000471e+01
   4.2000477e+01
   4.2000483e+01
   4.2000488e+01
   4.2000494e+01
   4.2000500e+01
   4.2000505e+01
   4.2000511e+01
   4.2000516e+01
   4.2000522e+01
   4.2000527e+01
   4.2000532e+01
   4.2000538e+01
   4.2000543e+01
   4.2000548e+01
   4.2000553e+01
   4.2000558e+01
   4.2000563e+01
   4.2000568e+01
   4.2000573e+01
   4.2000578e+01
   4.2000582e+01
   4.2000587e+01
   4.2000592e+01
   4.2000596e+01
   4.2000601e+01
   4.2000605e+01
   4.2000609e+01
   4.2000614e+01
   4.2000618e+01
   4.2000622e+01
   4.2000626e+01
   4.2000630e+01
   4.2000634e+01
   4.2000638e+01
   4.2000642e+01
   4.2000646e+01
   4.2000650e+01
   4.2000653e+01
   4.2000657e+01
   4.2000660e+01
   4.2000664e+01
   4.2000667e+01
   4.2000671e+01
   4.2000674e+01
   4.2000677e+01
   4.2000680e+01
   4.2000683e+01
   4.2000686e+01
   4.2000689e+01
   4.2000692e+01
   4.2000695e+01
   4.2000698e+01
   4.2000700e+01
   4.2000703e+01
   4.2000706e+01
   4.2000708e+01
   4.2000711e+01
   4.2000713e+01
   4.2000715e+01
   4.2000717e+01
   4.2000720e+01
   4.2000722e+01
   4.2000724e+01
   4.2000726e+01
   4.2000728e+01
   4.2000729e+01
   4.2000731e+01
   4.2000733e+01
   4.2000735e+01
   4.2000736e+01
   4.2000738e+01
   4.2000739e+01
   4.2000740e+01
   4.2000742e+01
   4.2000743e+01
   4.2000744e+01
   4.2000745e+01
   4.2000746e+01
   4.2000747e+01
   4.2000748e+01
   4.2000749e+01
   4.2000750e+01
   4.2000751e+01
   4.2000751e+01
   4.2000752e+01
   4.2000752e+01
   4.2000753e+01
   4.2000753e+01
   4.2000753e+01
   4.2000754e+01
   4.2000754e+01
   4.2000754e+01
   4.2000754e+01
   4.2000754e+01
   4.2000754e+01
   4.2000754e+01
   4.2000754e+01
   4.2000754e+01
   4.2000753e+01
   4.2000753e+01
   4.2000752e+01
   4.2000752e+01
   4.2000751e+01
   4.2000751e+01
   4.2000750e+01
   4.2000749e+01
   4.2000749e+01
   4.2000748e+01
   4.2000747e+01
   4.2000746e+01
   4.2000745e+01
   4.2000744e+01
   4.2000742e+01
   4.2000741e+01
   4.2000740e+01
   4.2000739e+01
   4.2000737e+01
   4.2000736e+01
   4.2000734e+01
   4.2000733e+01
   4.2000731e+01
   4.2000729e+01
   4.2000727e+01
   4.2000726e+01
   4.2000724e+01
   4.2000722e+01
   4.2000720e+01
   4.2000718e+01
   4.2000716e+01
   4.2000714e+01
   4.2000711e+01
   4.2000709e+01
   4.2000707e+01
   4.2000704e+01
   4.2000702e+01
   4.2000700e+01
   4.2000697e+01
   4.2000694e+01
   4.2000692e+01
   4.2000689e+01
   4.2000686e+01
   4.2000684e+01
   4.2000681e+01
   4.2000678e+01
   4.2000675e+01
   4.2000672e+01
   4.2000669e+01
   4.2000666e+01
   4.2000663e+01
   4.2000660e+01
   4.2000656e+01
   4.2000653e+01
   4.2000650e+01
   4.2000646e+01
   4.2000643e+01
   4.2000639e+01
   4.2000636e+01
   4.2000632e+01
   4.2000629e+01
   4.2000625e+01
   4.2000621e+01
   4.2000618e+01
   4.2000614e+01
   4.2000610e+01
   4.2000606e+01
   4.2000602e+01
   4.2000598e+01
   4.2000594e+01
   4.2000590e+01
   4.2000586e+01
   4.2000582e+01
   4.2000578e+01
   4.2000574e+01
   4.2000570e+01
   4.2000565e+01
   4.2000561e+01
   4.2000557e+01
   4.2000552e+01
   4.2000548e+01
   4.2000544e+01
   4.2000539e+01
   4.2000535e+01
   4.2000530e+01
   4.2000526e+01
   4.2000521e+01
   4.2000516e+01
   4.2000512e+01
   4.2000507e+01
   4.2000502e+01
   4.2000497e+01
   4.2000493e+01
   4.2000488e+01
   4.2000483e+01
   4.2000478e+01
   4.2000473e+01
   4.2000468e+01
   4.2000463e+01
   4.2000458e+01
   4.2000453e+01
   4.2000448e+01
   4.2000443e+01
   4.2000438e+01
   4.2000433e+01
   4.2000428e+01
   4.2000423e+01
   4.2000417e+01
   4.2000412e+01
   4.2000407e+01
   4.2000402e+01
   4.2000396e+01
   4.2000391e+01
   4.2000386e+01
   4.2000380e+01
   4.2000375e+01
   4.2000370e+01
   4.2000364e+01
   4.2000359e+01
   4.2000353e+01
   4.2000348e+01
   4.2000342e+01
   4.2000337e+01
   4.2000332e+01
   4.2000326e+01
   4.2000320e+01
   4.2000315e+01
   4.2000309e+01
   4.2000304e+01
   4.2000298e+01
   4.2000293e+01
   4.2000287e+01
   4.2000281e+01
   4.2000276e+01
   4.2000270e+01
   4.2000265e+01
   4.2000259e+01
   4.2000253e+01
   4.2000248e+01
   4.2000242e+01
   4.2000236e+01
   4.2000231e+01
   4.2000225e+01
   4.2000219e+01
   4.2000214e+01
   4.2000208e+01
   4.2000202e+01
   4.2000196e+01
   4.2000191e+01
   4.2000185e+01
   4.2000179e+01
   4.2000174e+01
   4.2000168e+01
   4.2000162e+01
   4.2000156e+01
   4.2000151e+01
   4.2000145e+01
   4.2000139e+01
   4.2000134e+01
   4.2000128e+01
   4.2000122e+01
   4.2000117e+01
   4.2000111e+01
   4.2000105e+01
   4.2000099e+01
   4.2000094e+01
   4.2000088e+01
   4.2000082e+01
   4.2000077e+01
   4.2000071e+01
   4.2000065e+01
   4.2000060e+01
   4.2000054e+01
   4.2000049e+01
   4.2000043e+01
   4.2000037e+01
   4.2000032e+01
   4.2000026e+01
   4.2000021e+01
   4.2000015e+01
   4.2000010e+01
   4.2000004e+01
   4.1999999e+01
   4.1999993e+01
   4.1999988e+01
   4.1999982e+01
   4.1999977e+01
   4.1999971e+01
   4.1999966e+01
   4.1999960e+01
   4.1999955e+01
   4.1999950e+01
   4.1999944e+01
   4.1999939e+01
   4.1999934e+01
   4.1999928e+01
   4.1999923e+01
   4.1999918e+01
   4.1999912e+01
   4.1999907e+01
   4.1999902e+01
   4.1999897e+01
   4.1999892e+01
   4.1999886e+01
   4.1999881e+01
   4.1999876e+01
   4.1999871e+01
   4.1999866e+01
   4.1999861e+01
   4.1999856e+01
   4.1999851e+01
   4.1999846e+01
   4.1999841e+01
   4.1999836e+01
   4.1999831e+01
   4.1999827e+01
   4.1999822e+01
   4.1999817e+01
   4.1999812e+01
   4.1999807e+01
   4.1999803e+01
   4.1999798e+01
   4.1999793e+01
   4.1999789e+01
   4.1999784e+01
   4.1999780e+01
   4.1999775e+01
   4.1999771e+01
   4.1999766e+01
   4.1999762e+01
   4.1999757e+01
   4.1999753e+01
   4.1999748e+01
   4.1999744e+01
   4.1999740e+01
   4.1999736e+01
   4.1999731e+01
   4.1999727e+01
   4.1999723e+01
   4.1999719e+01
   4.1999715e+01
   4.1999711e+01
   4.1999707e+01
   4.1999703e+01
   4.1999699e+01
   4.1999695e+01
   4.1999691e+01
   4.1999687e+01
   4.1999683e+01
   4.1999679e+01
   4.1999676e+01
   4.1999672e+01
   4.1999668e+01
   4.1999665e+01
   4.1999661e+01
   4.1999658e+01
   4.1999654e+01
   4.1999651e+01
   4.1999647e+01
   4.1999644e+01
   4.1999640e+01
   4.1999637e+01
   4.1999634e+01
   4.1999630e+01
   4.1999627e+01
   4.1999624e+01
   4.1999621e+01
   4.1999618e+01
   4.1999615e+01
   4.1999612e+01
   4.1999609e+01
   4.1999606e+01
   4.1999603e+01
   4.1999600e+01
   4.1999597e+01
   4.1999595e+01
   4.1999592e+01
   4.1999589e+01
   4.1999586e+01
   4.1999584e+01
   4.1999581e+01
   4.1999579e+01
   4.1999576e+01
   4.1999574e+01
   4.1999571e+01
   4.1999569e+01
   4.1999567e+01
   4.1999565e+01
   4.1999562e+01
   4.1999560e+01
   4.1999558e+01
   4.1999556e+01
   4.1999554e+01
   4.1999552e+01
   4.1999550e+01
   4.1999548e+01
   4.1999546e+01
   4.1999544e+01
   4.1999542e+01
   4.1999541e+01
   4.1999539e+01
   4.1999537e+01
   4.1999536e+01
   4.1999534e+01
   4.1999532e+01
   4.1999531e+01
   4.1999529e+01
   4.1999528e+01
   4.1999527e+01
   4.1999525e+01
   4.1999524e+01
   4.1999523e+01
   4.1999522e+01
   4.1999520e+01
   4.1999519e+01
   4.1999518e+01
   4.1999517e+01
   4.1999516e+01
   4.1999515e+01
   4.1999514e+01
   4.1999514e+01
   4.1999513e+01
   4.1999512e+01
   4.1999511e+01
   4.1999511e+01
   4.1999510e+01
   4.1999509e+01
   4.1999509e+01
   4.1999508e+01
   4.1999508e+01
   4.1999507e+01
   4.1999507e+01
   4.1999507e+01
   4.1999506e+01
   4.1999506e+01
   4.1999506e+01
   4.1999506e+01
   4.1999506e+01
   4.1999506e+01
   4.1999506e+01
   4.1999506e+01
   4.1999506e+01
   4.1999506e+01
   4.1999506e+01
   4.1999506e+01
   4.1999506e+01
   4.1999506e+01
   4.1999507e+01
   4.1999507e+01
   4.1999507e+01
   4.1999508e+01
   4.1999508e+01
   4.1999509e+01
   4.1999509e+01
   4.1999510e+01
   4.1999510e+01
   4.1999511e+01
   4.1999512e+01
   4.1999513e+01
   4.1999513e+01
   4.1999514e+01
   4.1999515e+01
   4.1999516e+01
   4.1999517e+01
   4.1999518e+01
   4.1999519e+01
   4.1999520e+01
   4.1999521e+01
   4.1999522e+01
   4.1999523e+01
   4.1999524e+01
   4.1999526e+01
   4.1999527e+01
   4.1999528e+01
   4.1999530e+01
   4.1999531e+01
   4.1999532e+01
   4.1999534e+01
   4.1999535e+01
   4.1999537e+01
   4.1999538e+01
   4.1999540e+01
   4.1999542e+01
   4.1999543e+01
   4.1999545e+01
   4.1999547e+01
   4.1999548e+01
   4.1999550e+01
   4.1999552e+01
   4.1999554e+01
   4.1999556e+01
   4.1999558e+01
   4.1999560e+01
   4.1999562e+01
   4.1999564e+01
   4.1999566e+01
   4.1999568e+01
   4.1999570e+01
   4.1999572e+01
   4.1999574e+01
   4.1999576e+01
   4.1999579e+01
   4.1999581e+01
   4.1999583e+01
   4.1999586e+01
   4.1999588e+01
   4.1999590e+01
   4.1999593e+01
   4.1999595e+01
   4.1999598e+01
   4.1999600e+01
   4.1999603e+01
   4.1999605e+01
   4.1999608e+01
   4.1999611e+01
   4.1999613e+01
   4.1999616e+01
   4.1999619e+01
   4.1999621e+01
   4.1999624e+01
   4.1999627e+01
   4.1999630e+01
   4.1999632e+01
   4.1999635e+01
   4.1999638e+01
   4.1999641e+01
   4.1999644e+01
   4.1999647e+01
   4.1999650e+01
   4.1999653e+01
   4.1999656e+01
   4.1999659e+01
   4.1999662e+01
   4.1999665e+01
   4.1999668e+01
   4.1999671e+01
   4.1999674e+01
   4.1999677e+01
   4.1999681e+01
   4.1999684e+01
   4.1999687e+01
   4.1999690e+01
   4.1999693e+01
   4.1999697e+01
   4.1999700e+01
   4.1999703e+01
   4.1999707e+01
   4.1999710e+01
   4.1999713e+01
   4.1999717e+01
   4.1999720e+01
   4.1999723e+01
   4.1999727e+01
   4.1999730e+01
   4.1999734e+01
   4.1999737e+01
   4.1999740e+01
   4.1999744e+01
   4.1999747e+01
   4.1999751e+01
   4.1999754e+01
   4.1999758e+01
   4.1999762e+01
   4.1999765e+01
   4.1999769e+01
   4.1999772e+01
   4.1999776e+01
   4.1999779e+01
   4.1999783e+01
   4.1999787e+01
   4.1999790e+01
   4.1999794e+01
   4.1999798e+01
   4.1999801e+01
   4.1999805e+01
   4.1999808e+01
   4.1999812e+01
   4.1999816e+01
   4.1999820e+01
   4.1999823e+01
   4.1999827e+01
   4.1999831e+01
   4.1999834e+01
   4.1999838e+01
   4.1999842e+01
   4.1999845e+01
   4.1999849e+01
   4.1999853e+01
   4.1999857e+01
   4.1999860e+01
   4.1999864e+01
   4.1999868e+01
   4.1999872e+01
   4.1999875e+01
   4.1999879e+01
   4.1999883e+01
   4.1999887e+01
   4.1999890e+01
   4.1999894e+01
   4.1999898e+01
   4.1999902e+01
   4.1999905e+01
   4.1999909e+01
   4.1999913e+01
   4.1999917e+01
   4.1999920e+01
   4.1999924e+01
   4.1999928e+01
   4.1999931e+01
   4.1999935e+01
   4.1999939e+01
   4.1999943e+01
   4.1999946e+01
   4.1999950e+01
   4.1999954e+01
   4.1999957e+01
   4.1999961e+01
   4.1999965e+01
   4.1999969e+01
   4.1999972e+01
   4.1999976e+01
   4.1999980e+01
   4.1999983e+01
   4.1999987e+01
   4.1999990e+01
   4.1999994e+01
   4.1999998e+01
   4.2000001e+01
   4.2000005e+01
   4.2000009e+01
   4.2000012e+01
   4.2000016e+01
   4.2000019e+01
   4.2000023e+01
   4.2000026e+01
   4.2000030e+01
   4.2000033e+01
   4.2000037e+01
   4.2000040e+01
   4.2000044e+01
   4.2000047e+01
   4.2000051e+01
   4.2000054e+01
   4.2000058e+01
   4.2000061e+01
   4.2000065e+01
   4.2000068e+01
   4.2000071e+01
   4.2000075e+01
   4.2000078e+01
   4.2000081e+01
   4.2000085e+01
   4.2000088e+01
   4.2000091e+01
   4.2000095e+01
   4.2000098e+01
   4.2000101e+01
   4.2000104e+01
   4.2000108e+01
   4.2000111e+01
   4.2000114e+01
   4.2000117e+01
   4.2000120e+01
   4.2000123e+01
   4.2000127e+01
   4.2000130e+01
   4.2000133e+01
   4.2000136e+01
   4.2000139e+01
   4.2000142e+01
   4.2000145e+01
   4.2000148e+01
   4.2000151e+01
   4.2000154e+01
   4.2000157e+01
   4.2000159e+01
   4.2000162e+01
   4.2000165e+01
   4.2000168e+01
   4.2000171e+01
   4.2000174e+01
   4.2000176e+01
   4.2000179e+01
   4.2000182e+01
   4.2000185e+01
   4.2000187e+01
   4.2000190e+01
   4.2000193e+01
   4.2000195e+01
   4.2000198e+01
   4.2000200e+01
   4.2000203e+01
   4.2000205e+01
   4.2000208e+01
   4.2000210e+01
   4.2000213e+01
   4.2000215e+01
   4.2000218e+01
   4.2000220e+01
   4.2000222e+01
   4.2000225e+01
   4.2000227e+01
   4.2000229e+01
   4.2000232e+01
   4.2000234e+01
   4.2000236e+01
   4.2000238e+01
   4.2000240e+01
   4.2000242e+01
   4.2000245e+01
   4.2000247e+01
   4.2000249e+01
   4.2000251e+01
   4.2000253e+01
   4.2000255e+01
   4.2000257e+01
   4.2000259e+01
   4.2000260e+01
   4.2000262e+01
   4.2000264e+01
   4.2000266e+01
   4.2000268e+01
   4.2000270e+01
   4.2000271e+01
   4.2000273e+01
   4.2000275e+01
   4.2000276e+01
   4.2000278e+01
   4.2000280e+01
   4.2000281e+01
   4.2000283e+01
   4.2000284e+01
   4.2000286e+01
   4.2000287e+01
   4.2000289e+01
   4.2000290e+01
   4.2000291e+01
   4.2000293e+01
   4.2000294e+01
   4.2000295e+01
   4.2000297e+01
   4.2000298e+01
   4.2000299e+01
   4.2000300e+01
   4.2000301e+01
   4.2000302e+01
   4.2000304e+01
   4.2000305e+01
   4.2000306e+01
   4.2000307e+01
   4.2000308e+01
   4.2000309e+01
   4.2000309e+01
   4.2000310e+01
   4.2000311e+01
   4.2000312e+01
   4.2000313e+01
   4.2000314e+01
   4.2000314e+01
   4.2000315e+01
   4.2000316e+01
   4.2000317e+01
   4.2000317e+01
   4.2000318e+01
   4.2000318e+01
   4.2000319e+01
   4.2000319e+01
   4.2000320e+01
   4.2000320e+01
   4.2000321e+01
   4.2000321e+01
   4.2000322e+01
   4.2000322e+01
   4.2000322e+01
   4.2000323e+01
   4.2000323e+01
   4.2000323e+01
   4.2000323e+01
   4.2000324e+01
   4.2000324e+01
   4.2000324e+01
   4.2000324e+01
   4.2000324e+01
   4.2000324e+01
   4.2000324e+01
   4.2000324e+01
   4.2000324e+01
   4.2000324e+01
   4.2000324e+01
   4.2000324e+01
   4.2000324e+01
   4.2000324e+01
   4.2000323e+01
   4.2000323e+01
   4.2000323e+01
   4.2000323e+01
   4.2000322e+01
   4.2000322e+01
   4.2000322e+01
   4.2000321e+01
   4.2000321e+01
   4.2000320e+01
   4.2000320e+01
   4.2000320e+01
   4.2000319e+01
   4.2000318e+01
   4.2000318e+01
   4.2000317e+01
   4.2000317e+01
   4.2000316e+01
   4.2000315e+01
   4.2000315e+01
   4.2000314e+01
   4.2000313e+01
   4.2000313e+01
   4.2000312e+01
   4.2000311e+01
   4.2000310e+01
   4.2000309e+01
   4.2000308e+01
   4.2000307e+01
   4.2000307e+01
   4.2000306e+01
   4.2000305e+01
   4.2000304e+01
   4.2000303e+01
   4.2000302e+01
   4.2000300e+01
   4.2000299e+01
   4.2000298e+01
   4.2000297e+01
   4.2000296e+01
   4.2000295e+01
   4.2000294e+01
   4.2000292e+01
   4.2000291e+01
   4.2000290e+01
   4.2000289e+01
   4.2000287e+01
   4.2000286e+01
   4.2000285e+01
   4.2000283e+01
   4.2000282e+01
   4.2000280e+01
   4.2000279e+01
   4.2000278e+01
   4.2000276e+01
   4.2000275e+01
   4.2000273e+01
   4.2000272e+01
   4.2000270e+01
   4.2000268e+01
   4.2000267e+01
   4.2000265e+01
   4.2000264e+01
   4.2000262e+01
   4.2000260e+01
   4.2000259e+01
   4.2000257e+01
   4.2000255e+01
   4.2000253e+01
   4.2000252e+01
   4.2000250e+01
   4.2000248e+01
   4.2000246e+01
   4.2000245e+01
   4.2000243e+01
   4.2000241e+01
   4.2000239e+01
   4.2000237e+01
   4.2000235e+01
   4.2000233e+01
   4.2000231e+01
   4.2000229e+01
   4.2000227e+01
   4.2000225e+01
   4.2000224e+01
   4.2000222e+01
   4.2000220e+01
   4.2000217e+01
   4.2000215e+01
   4.2000213e+01
   4.2000211e+01
   4.2000209e+01
   4.2000207e+01
   4.2000205e+01
   4.2000203e+01
   4.2000201e+01
   4.2000199e+01
   4.2000197e+01
   4.2000194e+01
   4.2000192e+01
   4.2000190e+01
   4.2000188e+01
   4.2000186e+01
   4.2000183e+01
   4.2000181e+01
   4.2000179e+01
   4.2000177e+01
   4.2000174e+01
   4.2000172e+01
   4.2000170e+01
   4.2000168e+01
   4.2000165e+01
   4.2000163e+01
   4.2000161e+01
   4.2000158e+01
   4.2000156e+01
   4.2000154e+01
   4.2000151e+01
   4.2000149e+01
   4.2000147e+01
   4.2000144e+01
   4.2000142e+01
   4.2000140e+01
   4.2000137e+01
   4.2000135e+01
   4.2000133e+01
   4.2000130e+01
   4.2000128e+01
   4.2000125e+01
   4.2000123e+01
   4.2000121e+01
   4.2000118e+01
   4.2000116e+01
   4.2000113e+01
   4.2000111e+01
   4.2000108e+01
   4.2000106e+01
   4.2000104e+01
   4.2000101e+01
   4.2000099e+01
   4.2000096e+01
   4.2000094e+01
   4.2000091e+01
   4.2000089e+01
   4.2000086e+01
   4.2000084e+01
   4.2000081e+01
   4.2000079e+01
   4.2000077e+01
   4.2000074e+01
   4.2000072e+01
   4.2000069e+01
   4.2000067e+01
   4.2000064e+01
   4.2000062e+01
   4.2000059e+01
   4.2000057e+01
   4.2000054e+01
   4.2000052e+01
   4.2000050e+01
   4.2000047e+01
   4.2000045e+01
   4.2000042e+01
   4.2000040e+01
   4.2000037e+01
   4.2000035e+01
   4.2000033e+01
   4.2000030e+01
   4.2000028e+01
   4.2000025e+01
   4.2000023e+01
   4.2000020e+01
   4.2000018e+01
   4.2000016e+01
   4.2000013e+01
   4.2000011e+01
   4.2000008e+01
   4.2000006e+01
   4.2000004e+01
   4.2000001e+01
   4.1999999e+01
   4.1999997e+01
   4.1999994e+01
   4.1999992e+01
   4.1999989e+01
   4.1999987e+01
   4.1999985e+01
   4.1999982e+01
   4.1999980e+01
   4.1999978e+01
   4.1999976e+01
   4.1999973e+01
   4.1999971e+01
   4.1999969e+01
   4.1999966e+01
   4.1999964e+01
   4.1999962e+01
   4.1999960e+01
   4.1999957e+01
   4.1999955e+01
   4.1999953e+01
   4.1999951e+01
   4.1999949e+01
   4.1999946e+01
   4.1999944e+01
   4.1999942e+01
   4.1999940e+01
   4.1999938e+01
   4.1999936e+01
   4.1999933e+01
   4.1999931e+01
   4.1999929e+01
   4.1999927e+01
   4.1999925e+01
   4.1999923e+01
   4.1999921e+01
   4.1999919e+01
   4.1999917e+01
   4.1999915e+01
   4.1999913e+01
   4.1999911e+01
   4.1999909e+01
   4.1999907e+01
   4.1999905e+01
   4.1999903e+01
   4.1999901e+01
   4.1999899e+01
   4.1999897e+01
   4.1999895e+01
   4.1999893e+01
   4.1999892e+01
   4.1999890e+01
   4.1999888e+01
   4.1999886e+01
   4.1999884e+01
   4.1999882e+01
   4.1999881e+01
   4.1999879e+01
   4.1999877e+01
   4.1999875e+01
   4.1999874e+01
   4.1999872e+01
   4.1999870e+01
   4.1999868e+01
   4.1999867e+01
   4.1999865e+01
   4.1999864e+01
   4.1999862e+01
   4.1999860e+01
   4.1999859e+01
   4.1999857e+01
   4.1999856e+01
   4.1999854e+01
   4.1999853e+01
   4.1999851e+01
   4.1999850e+01
   4.1999848e+01
   4.1999847e+01
   4.1999845e+01
   4.1999844e+01
   4.1999842e+01
   4.1999841e+01
   4.1999840e+01
   4.1999838e+01
   4.1999837e+01
   4.1999835e+01
   4.1999834e+01
   4.1999833e+01
   4.1999832e+01
   4.1999830e+01
   4.1999829e+01
   4.1999828e+01
   4.1999827e+01
   4.1999825e+01
   4.1999824e+01
   4.1999823e+01
   4.1999822e+01
   4.1999821e+01
   4.1999820e+01
   4.1999819e+01
   4.1999818e+01
   4.1999817e+01
   4.1999816e+01
   4.1999815e+01
   4.1999814e+01
   4.1999813e+01
   4.1999812e+01
   4.1999811e+01
   4.1999810e+01
   4.1999809e+01
   4.1999808e+01
   4.1999807e+01
   4.1999806e+01
   4.1999806e+01
   4.1999805e+01
   4.1999804e+01
   4.1999803e+01
   4.1999802e+01
   4.1999802e+01
   4.1999801e+01
   4.1999800e+01
   4.1999800e+01
   4.1999799e+01
   4.1999798e+01
   4.1999798e+01
   4.1999797e+01
   4.1999796e+01
   4.1999796e+01
   4.1999795e+01
   4.1999795e+01
   4.1999794e+01
   4.1999794e+01
   4.1999793e+01
   4.1999793e+01
   4.1999792e+01
   4.1999792e+01
   4.1999792e+01
   4.1999791e+01
   4.1999791e+01
   4.1999791e+01
   4.1999790e+01
   4.1999790e+01
   4.1999790e+01
   4.1999789e+01
   4.1999789e+01
   4.1999789e+01
   4.1999789e+01
   4.1999788e+01
   4.1999788e+01
   4.1999788e+01
   4.1999788e+01
   4.1999788e+01
   4.1999788e+01
   4.1999788e+01
   4.1999788e+01
   4.1999788e+01
   4.1999787e+01
   4.1999787e+01
   4.1999787e+01
   4.1999788e+01
   4.1999788e+01
   4.1999788e+01
   4.1999788e+01
   4.1999788e+01
   4.1999788e+01
   4.1999788e+01
   4.1999788e+01
   4.1999788e+01
   4.1999788e+01
   4.1999789e+01
   4.1999789e+01
   4.1999789e+01
   4.1999789e+01
   4.1999790e+01
   4.1999790e+01
   4.1999790e+01
   4.1999791e+01
   4.1999791e+01
   4.1999791e+01
   4.1999792e+01
   4.1999792e+01
   4.1999792e+01
   4.1999793e+01
   4.1999793e+01
   4.1999794e+01
   4.1999794e+01
   4.1999795e+01
   4.1999795e+01
   4.1999796e+01
   4.1999796e+01
   4.1999797e+01
   4.1999797e+01
   4.1999798e+01
   4.1999798e+01
   4.1999799e+01
   4.1999800e+01
   4.1999800e+01
   4.1999801e+01
   4.1999802e+01
   4.1999802e+01
   4.1999803e+01
   4.1999804e+01
   4.1999805e+01
   4.1999805e+01
   4.1999806e+01
   4.1999807e+01
   4.1999808e+01
   4.1999808e+01
   4.1999809e+01
   4.1999810e+01
   4.1999811e+01
   4.1999812e+01
   4.1999813e+01
   4.1999814e+01
   4.1999814e+01
   4.1999815e+01
   4.1999816e+01
   4.1999817e+01
   4.1999818e+01
   4.1999819e+01
   4.1999820e+01
   4.1999821e+01
   4.1999822e+01
   4.1999823e+01
   4.1999824e+01
   4.1999825e+01
   4.1999826e+01
   4.1999827e+01
   4.1999828e+01
   4.1999829e+01
   4.1999831e+01
   4.1999832e+01
   4.1999833e+01
   4.1999834e+01
   4.1999835e+01
   4.1999836e+01
   4.1999837e+01
   4.1999839e+01
   4.1999840e+01
   4.1999841e+01
   4.1999842e+01
   4.1999843e+01
   4.1999845e+01
   4.1999846e+01
   4.1999847e+01
   4.1999848e+01
   4.1999850e+01
   4.1999851e+01
   4.1999852e+01
   4.1999854e+01
   4.1999855e+01
   4.1999856e+01
   4.1999858e+01
   4.1999859e+01
   4.1999860e+01
   4.1999862e+01
   4.1999863e+01
   4.1999864e+01
   4.1999866e+01
   4.1999867e+01
   4.1999868e+01
   4.1999870e+01
   4.1999871e+01
   4.1999873e+01
   4.1999874e+01
   4.1999876e+01
   4.1999877e+01
   4.1999878e+01
   4.1999880e+01
   4.1999881e+01
   4.1999883e+01
   4.1999884e+01
   4.1999886e+01
   4.1999887e+01
   4.1999889e+01
   4.1999890e+01
   4.1999892e+01
   4.1999893e+01
   4.1999895e+01
   4.1999896e+01
   4.1999898e+01
   4.1999899e+01
   4.1999901e+01
   4.1999902e+01
   4.1999904e+01
   4.1999905e+01
   4.1999907e+01
   4.1999909e+01
   4.1999910e+01
   4.1999912e+01
   4.1999913e+01
   4.1999915e+01
   4.1999916e+01
   4.1999918e+01
   4.1999920e+01
   4.1999921e+01
   4.1999923e+01
   4.1999924e+01
   4.1999926e+01
   4.1999928e+01
   4.1999929e+01
   4.1999931e+01
   4.1999932e+01
   4.1999934e+01
   4.1999935e+01
   4.1999937e+01
   4.1999939e+01
   4.1999940e+01
   4.1999942e+01
   4.1999944e+01
   4.1999945e+01
   4.1999947e+01
   4.1999948e+01
   4.1999950e+01
   4.1999952e+01
   4.1999953e+01
   4.1999955e+01
   4.1999956e+01
   4.1999958e+01
   4.1999960e+01
   4.1999961e+01
   4.1999963e+01
   4.1999964e+01
   4.1999966e+01
   4.1999968e+01
   4.1999969e+01
   4.1999971e+01
   4.1999972e+01
   4.1999974e+01
   4.1999976e+01
   4.1999977e+01
   4.1999979e+01
   4.1999980e+01
   4.1999982e+01
   4.1999984e+01
   4.1999985e+01
   4.1999987e+01
   4.1999988e+01
   4.1999990e+01
   4.1999992e+01
   4.1999993e+01
   4.1999995e+01
   4.1999996e+01
   4.1999998e+01
   4.1999999e+01
   4.2000001e+01
   4.2000002e+01
   4.2000004e+01
   4.2000006e+01
   4.2000007e+01
   4.2000009e+01
   4.2000010e+01
   4.2000012e+01
   4.2000013e+01
   4.2000015e+01
   4.2000016e+01
   4.2000018e+01
   4.2000019e+01
   4.2000021e+01
   4.2000022e+01
   4.2000024e+01
   4.2000025e+01
   4.2000027e+01
   4.2000028e+01
   4.2000030e+01
   4.2000031e+01
   4.2000032e+01
   4.2000034e+01
   4.2000035e+01
   4.2000037e+01
   4.2000038e+01
   4.2000040e+01
   4.2000041e+01
   4.2000042e+01
   4.2000044e+01
   4.2000045e+01
   4.2000047e+01
   4.2000048e+01
   4.2000049e+01
   4.2000051e+01
   4.2000052e+01
   4.2000053e+01
   4.2000055e+01
   4.2000056e+01
   4.2000057e+01
   4.2000059e+01
   4.2000060e+01
   4.2000061e+01
   4.2000062e+01
   4.2000064e+01
   4.2000065e+01
   4.2000066e+01
   4.2000068e+01
   4.2000069e+01
   4.2000070e+01
   4.2000071e+01
   4.2000072e+01
   4.2000074e+01
   4.2000075e+01
   4.2000076e+01
   4.2000077e+01
   4.2000078e+01
   4.2000080e+01
   4.2000081e+01
   4.2000082e+01
   4.2000083e+01
   4.2000084e+01
   4.2000085e+01
   4.2000086e+01
   4.2000087e+01
   4.2000089e+01
   4.2000090e+01
   4.2000091e+01
   4.2000092e+01
   4.2000093e+01
   4.2000094e+01
   4.2000095e+01
   4.2000096e+01
   4.2000097e+01
   4.2000098e+01
   4.2000099e+01
   4.2000100e+01
   4.2000101e+01
   4.2000102e+01
   4.2000103e+01
   4.2000103e+01
   4.2000104e+01
   4.2000105e+01
   4.2000106e+01
   4.2000107e+01
   4.2000108e+01
   4.2000109e+01
   4.2000110e+01
   4.2000110e+01
   4.2000111e+01
   4.2000112e+01
   4.2000113e+01
   4.2000114e+01
   4.2000114e+01
   4.2000115e+01
   4.2000116e+01
   4.2000117e+01
   4.2000117e+01
   4.2000118e+01
   4.2000119e+01
   4.2000120e+01
   4.2000120e+01
   4.2000121e+01
   4.2000122e+01
   4.2000122e+01
   4.2000123e+01
   4.2000124e+01
   4.2000124e+01
   4.2000125e+01
   4.2000125e+01
   4.2000126e+01
   4.2000126e+01
   4.2000127e+01
   4.2000128e+01
   4.2000128e+01
   4.2000129e+01
   4.2000129e+01
   4.2000130e+01
   4.2000130e+01
   4.2000131e+01
   4.2000131e+01
   4.2000131e+01
   4.2000132e+01
   4.2000132e+01
   4.2000133e+01
   4.2000133e+01
   4.2000133e+01
   4.2000134e+01
   4.2000134e+01
   4.2000135e+01
   4.2000135e+01
   4.2000135e+01
   4.2000136e+01
   4.2000136e+01
   4.2000136e+01
   4.2000136e+01
   4.2000137e+01
   4.2000137e+01
   4.2000137e+01
   4.2000137e+01
   4.2000138e+01
   4.2000138e+01
   4.2000138e+01
   4.2000138e+01
   4.2000138e+01
   4.2000138e+01
   4.2000139e+01
   4.2000139e+01
   4.2000139e+01
   4.2000139e+01
   4.2000139e+01
   4.2000139e+01
   4.2000139e+01
   4.2000139e+01
   4.2000139e+01
   4.2000139e+01
   4.2000139e+01
   4.2000139e+01
   4.2000139e+01
   4.2000139e+01
   4.2000139e+01
   4.2000139e+01
   4.2000139e+01
   4.2000139e+01
   4.2000139e+01
   4.2000139e+01
   4.2000139e+01
   4.2000139e+01
   4.2000139e+01
   4.2000139e+01
   4.2000138e+01
   4.2000138e+01
   4.2000138e+01
   4.2000138e+01
   4.2000138e+01
   4.2000138e+01
   4.2000137e+01
   4.2000137e+01
   4.2000137e+01
   4.2000137e+01
   4.2000136e+01
   4.2000136e+01
   4.2000136e+01
   4.2000136e+01
   4.2000135e+01
   4.2000135e+01
   4.2000135e+01
   4.2000134e+01
   4.2000134e+01
   4.2000134e+01
   4.2000133e+01
   4.2000133e+01
   4.2000132e+01
   4.2000132e+01
   4.2000132e+01
   4.2000131e+01
   4.2000131e+01
   4.2000130e+01
   4.2000130e+01
   4.2000130e+01
   4.2000129e+01
   4.2000129e+01
   4.2000128e+01
   4.2000128e+01
   4.2000127e+01
   4.2000127e+01
   4.2000126e+01
   4.2000126e+01
   4.2000125e+01
   4.2000124e+01
   4.2000124e+01
   4.2000123e+01
   4.2000123e+01
   4.2000122e+01
   4.2000122e+01
   4.2000121e+01
   4.2000120e+01
   4.2000120e+01
   4.2000119e+01
   4.2000119e+01
   4.2000118e+01
   4.2000117e+01
   4.2000117e+01
   4.2000116e+01
   4.2000115e+01
   4.2000115e+01
   4.2000114e+01
   4.2000113e+01
   4.2000112e+01
   4.2000112e+01
   4.2000111e+01
   4.2000110e+01
   4.2000110e+01
   4.2000109e+01
   4.2000108e+01
   4.2000107e+01
   4.2000106e+01
   4.2000106e+01
   4.2000105e+01
   4.2000104e+01
   4.2000103e+01
   4.2000103e+01
   4.2000102e+01
   4.2000101e+01
   4.2000100e+01
   4.2000099e+01
   4.2000098e+01
   4.2000098e+01
   4.2000097e+01
   4.2000096e+01
   4.2000095e+01
   4.2000094e+01
   4.2000093e+01
   4.2000092e+01
   4.2000092e+01
   4.2000091e+01
   4.2000090e+01
   4.2000089e+01
   4.2000088e+01
   4.2000087e+01
   4.2000086e+01
   4.2000085e+01
   4.2000084e+01
   4.2000083e+01
   4.2000082e+01
   4.2000081e+01
   4.2000081e+01
   4.2000080e+01
   4.2000079e+01
   4.2000078e+01
   4.2000077e+01
   4.2000076e+01
   4.2000075e+01
   4.2000074e+01
   4.2000073e+01
   4.2000072e+01
   4.2000071e+01
   4.2000070e+01
   4.2000069e+01
   4.2000068e+01
   4.2000067e+01
   4.2000066e+01
   4.2000065e+01
   4.2000064e+01
   4.2000063e+01
   4.2000062e+01
   4.2000061e+01
   4.2000060e+01
   4.2000059e+01
   4.2000058e+01
   4.2000057e+01
   4.2000056e+01
   4.2000055e+01
   4.2000054e+01
   4.2000053e+01
   4.2000052e+01
   4.2000051e+01
   4.2000050e+01
   4.2000048e+01
   4.2000047e+01
   4.2000046e+01
   4.2000045e+01
   4.2000044e+01
   4.2000043e+01
   4.2000042e+01
   4.2000041e+01
   4.2000040e+01
   4.2000039e+01
   4.2000038e+01
   4.2000037e+01
   4.2000036e+01
   4.2000035e+01
   4.2000034e+01
   4.2000033e+01
   4.2000032e+01
   4.2000031e+01
   4.2000030e+01
   4.2000028e+01
   4.2000027e+01
   4.2000026e+01
   4.2000025e+01
   4.2000024e+01
   4.2000023e+01
   4.2000022e+01
   4.2000021e+01
   4.2000020e+01
   4.2000019e+01
   4.2000018e+01
   4.2000017e+01
   4.2000016e+01
   4.2000015e+01
   4.2000014e+01
   4.2000013e+01
   4.2000012e+01
   4.2000011e+01
   4.2000010e+01
   4.2000009e+01
   4.2000008e+01
   4.2000006e+01
   4.2000005e+01
   4.2000004e+01
   4.2000003e+01
   4.2000002e+01
   4.2000001e+01
   4.2000000e+01
   4.1999999e+01
   4.1999998e+01
   4.1999997e+01
   4.1999996e+01
   4.1999995e+01
   4.1999994e+01
   4.1999993e+01
   4.1999992e+01
   4.1999991e+01
   4.1999990e+01
   4.1999989e+01
   4.1999988e+01
   4.1999987e+01
   4.1999986e+01
   4.1999985e+01
   4.1999984e+01
   4.1999983e+01
   4.1999982e+01
   4.1999982e+01
   4.1999981e+01
   4.1999980e+01
   4.1999979e+01
   4.1999978e+01
   4.1999977e+01
   4.1999976e+01
   4.1999975e+01
   4.1999974e+01
   4.1999973e+01
   4.1999972e+01
   4.1999971e+01
   4.1999970e+01
   4.1999969e+01
   4.1999969e+01
   4.1999968e+01
   4.1999967e+01
   4.1999966e+01
   4.1999965e+01
   4.1999964e+01
   4.1999963e+01
   4.1999962e+01
   4.1999961e+01
   4.1999961e+01
   4.1999960e+01
   4.1999959e+01
   4.1999958e+01
   4.1999957e+01
   4.1999956e+01
   4.1999956e+01
   4.1999955e+01
   4.1999954e+01
   4.1999953e+01
   4.1999952e+01
   4.1999952e+01
   4.1999951e+01
   4.1999950e+01
   4.1999949e+01
   4.1999949e+01
   4.1999948e+01
   4.1999947e+01
   4.1999946e+01
   4.1999946e+01
   4.1999945e+01
   4.1999944e+01
   4.1999943e+01
   4.1999943e+01
   4.1999942e+01
   4.1999941e+01
   4.1999941e+01
   4.1999940e+01
   4.1999939e+01
   4.1999938e+01
   4.1999938e+01
   4.1999937e+01
   4.1999936e+01
   4.1999936e+01
   4.1999935e+01
   4.1999935e+01
   4.1999934e+01
   4.1999933e+01
   4.1999933e+01
   4.1999932e+01
   4.1999931e+01
   4.1999931e+01
   4.1999930e+01
   4.1999930e+01
   4.1999929e+01
   4.1999929e+01
   4.1999928e+01
   4.1999928e+01
   4.1999927e+01
   4.1999926e+01
   4.1999926e+01
   4.1999925e+01
   4.1999925e+01
   4.1999924e+01
   4.1999924e+01
   4.1999923e+01
   4.1999923e+01
   4.1999922e+01
   4.1999922e+01
   4.1999922e+01
   4.1999921e+01
   4.1999921e+01
   4.1999920e+01
   4.1999920e+01
   4.1999919e+01
   4.1999919e+01
   4.1999919e+01
   4.1999918e+01
   4.1999918e+01
   4.1999917e+01
   4.1999917e+01
   4.1999917e+01
   4.1999916e+01
   4.1999916e+01
   4.1999916e+01
   4.1999915e+01
   4.1999915e+01
   4.1999915e+01
   4.1999914e+01
   4.1999914e+01
   4.1999914e+01
   4.1999914e+01
   4.1999913e+01
   4.1999913e+01
   4.1999913e+01
   4.1999912e+01
   4.1999912e+01
   4.1999912e+01
   4.1999912e+01
   4.1999912e+01
   4.1999911e+01
   4.1999911e+01
   4.1999911e+01
   4.1999911e+01
   4.1999911e+01
   4.1999910e+01
   4.1999910e+01
   4.1999910e+01
   4.1999910e+01
   4.1999910e+01
   4.1999910e+01
   4.1999910e+01
   4.1999909e+01
   4.1999909e+01
   4.1999909e+01
   4.1999909e+01
   4.1999909e+01
   4.1999909e+01
   4.1999909e+01
   4.1999909e+01
   4.1999909e+01
   4.1999909e+01
   4.1999909e+01
   4.1999909e+01
   4.1999909e+01
   4.1999909e+01
   4.1999909e+01
   4.1999909e+01
   4.1999909e+01
   4.1999909e+01
   4.1999909e+01
   4.1999909e+01
   4.1999909e+01
   4.1999909e+01
   4.1999909e+01
   4.1999909e+01
   4.1999909e+01
   4.1999909e+01
   4.1999909e+01
   4.1999909e+01
   4.1999909e+01
   4.1999909e+01
   4.1999910e+01
   4.1999910e+01
   4.1999910e+01
   4.1999910e+01
   4.1999910e+01
   4.1999910e+01
   4.1999910e+01
   4.1999911e+01
   4.1999911e+01
   4.1999911e+01
   4.1999911e+01
   4.1999911e+01
   4.1999912e+01
   4.1999912e+01
   4.1999912e+01
   4.1999912e+01
   4.1999912e+01
   4.1999913e+01
   4.1999913e+01
   4.1999913e+01
   4.1999913e+01
   4.1999914e+01
   4.1999914e+01
   4.1999914e+01
   4.1999915e+01
   4.1999915e+01
   4.1999915e+01
   4.1999915e+01
   4.1999916e+01
   4.1999916e+01
   4.1999916e+01
   4.1999917e+01
   4.1999917e+01
   4.1999917e+01
   4.1999918e+01
   4.1999918e+01
   4.1999918e+01
   4.1999919e+01
   4.1999919e+01
   4.1999920e+01
   4.1999920e+01
   4.1999920e+01
   4.1999921e+01
   4.1999921e+01
   4.1999922e+01
   4.1999922e+01
   4.1999922e+01
   4.1999923e+01
   4.1999923e+01
   4.1999924e+01
   4.1999924e+01
   4.1999925e+01
   4.1999925e+01
   4.1999925e+01
   4.1999926e+01
   4.1999926e+01
   4.1999927e+01
   4.1999927e+01
   4.1999928e+01
   4.1999928e+01
   4.1999929e+01
   4.1999929e+01
   4.1999930e+01
   4.1999930e+01
   4.1999931e+01
   4.1999931e+01
   4.1999932e+01
   4.1999932e+01
   4.1999933e+01
   4.1999933e+01
   4.1999934e+01
   4.1999934e+01
   4.1999935e+01
   4.1999936e+01
   4.1999936e+01
   4.1999937e+01
   4.1999937e+01
   4.1999938e+01
   4.1999938e+01
   4.1999939e+01
   4.1999939e+01
   4.1999940e+01
   4.1999941e+01
   4.1999941e+01
   4.1999942e+01
   4.1999942e+01
   4.1999943e+01
   4.1999944e+01
   4.1999944e+01
   4.1999945e+01
   4.1999945e+01
   4.1999946e+01
   4.1999947e+01
   4.1999947e+01
   4.1999948e+01
   4.1999949e+01
   4.1999949e+01
   4.1999950e+01
   4.1999950e+01
   4.1999951e+01
   4.1999952e+01
   4.1999952e+01
   4.1999953e+01
   4.1999954e+01
   4.1999954e+01
   4.1999955e+01
   4.1999956e+01
   4.1999956e+01
   4.1999957e+01
   4.1999958e+01
   4.1999958e+01
   4.1999959e+01
   4.1999960e+01
   4.1999960e+01
   4.1999961e+01
   4.1999962e+01
   4.1999962e+01
   4.1999963e+01
   4.1999964e+01
   4.1999964e+01
   4.1999965e+01
   4.1999966e+01
   4.1999966e+01
   4.1999967e+01
   4.1999968e+01
   4.1999968e+01
   4.1999969e+01
   4.1999970e+01
   4.1999970e+01
   4.1999971e+01
   4.1999972e+01
   4.1999972e+01
   4.1999973e+01
   4.1999974e+01
   4.1999974e+01
   4.1999975e+01
   4.1999976e+01
   4.1999977e+01
   4.1999977e+01
   4.1999978e+01
   4.1999979e+01
   4.1999979e+01
   4.1999980e+01
   4.1999981e+01
   4.1999981e+01
   4.1999982e+01
   4.1999983e+01
   4.1999983e+01
   4.1999984e+01
   4.1999985e+01
   4.1999986e+01
   4.1999986e+01
   4.1999987e+01
   4.1999988e+01
   4.1999988e+01
   4.1999989e+01
   4.1999990e+01
   4.1999990e+01
   4.1999991e+01
   4.1999992e+01
   4.1999992e+01
   4.1999993e+01
   4.1999994e+01
   4.1999994e+01
   4.1999995e+01
   4.1999996e+01
   4.1999996e+01
   4.1999997e+01
   4.1999998e+01
   4.1999999e+01
   4.1999999e+01
   4.2000000e+01
   4.2000001e+01
   4.2000001e+01
   4.2000002e+01
   4.2000003e+01
   4.2000003e+01
   4.2000004e+01
   4.2000004e+01
   4.2000005e+01
   4.2000006e+01
   4.2000006e+01
   4.2000007e+01
   4.2000008e+01
   4.2000008e+01
   4.2000009e+01
   4.2000010e+01
   4.2000010e+01
   4.2000011e+01
   4.2000012e+01
   4.2000012e+01
   4.2000013e+01
   4.2000013e+01
   4.2000014e+01
   4.2000015e+01
   4.2000015e+01
   4.2000016e+01
   4.2000017e+01
   4.2000017e+01
   4.2000018e+01
   4.2000018e+01
   4.2000019e+01
   4.2000020e+01
   4.2000020e+01
   4.2000021e+01
   4.2000021e+01
   4.2000022e+01
   4.2000022e+01
   4.2000023e+01
   4.2000024e+01
   4.2000024e+01
   4.2000025e+01
   4.2000025e+01
   4.2000026e+01
   4.2000026e+01
   4.2000027e+01
   4.2000028e+01
   4.2000028e+01
   4.2000029e+01
   4.2000029e+01
   4.2000030e+01
   4.2000030e+01
   4.2000031e+01
   4.2000031e+01
   4.2000032e+01
   4.2000032e+01
   4.2000033e+01
   4.2000033e+01
   4.2000034e+01
   4.2000034e+01
   4.2000035e+01
   4.2000035e+01
   4.2000036e+01
   4.2000036e+01
   4.2000037e+01
   4.2000037e+01
   4.2000038e+01
   4.2000038e+01
   4.2000039e+01
   4.2000039e+01
   4.2000040e+01
   4.2000040e+01
   4.2000040e+01
   4.2000041e+01
   4.2000041e+01
   4.2000042e+01
   4.2000042e+01
   4.2000043e+01
   4.2000043e+01
   4.2000043e+01
   4.2000044e+01
   4.2000044e+01
   4.2000045e+01
   4.2000045e+01
   4.2000045e+01
   4.2000046e+01
   4.2000046e+01
   4.2000046e+01
   4.2000047e+01
   4.2000047e+01
   4.2000048e+01
   4.2000048e+01
   4.2000048e+01
   4.2000049e+01
   4.2000049e+01
   4.2000049e+01
   4.2000050e+01
   4.2000050e+01
   4.2000050e+01
   4.2000051e+01
   4.2000051e+01
   4.2000051e+01
   4.2000051e+01
   4.2000052e+01
   4.2000052e+01
   4.2000052e+01
   4.2000053e+01
   4.2000053e+01
   4.2000053e+01
   4.2000053e+01
   4.2000054e+01
   4.2000054e+01
   4.2000054e+01
   4.2000054e+01
   4.2000055e+01
   4.2000055e+01
   4.2000055e+01
   4.2000055e+01
   4.2000056e+01
   4.2000056e+01
   4.2000056e+01
   4.2000056e+01
   4.2000056e+01
   4.2000057e+01
   4.2000057e+01
   4.2000057e+01
   4.2000057e+01
   4.2000057e+01
   4.2000057e+01
   4.2000058e+01
   4.2000058e+01
   4.2000058e+01
   4.2000058e+01
   4.2000058e+01
   4.2000058e+01
   4.2000058e+01
   4.2000059e+01
   4.2000059e+01
   4.2000059e+01
   4.2000059e+01
   4.2000059e+01
   4.2000059e+01
   4.2000059e+01
   4.2000059e+01
   4.2000059e+01
   4.2000059e+01
   4.2000059e+01
   4.2000060e+01
   4.2000060e+01
   4.2000060e+01
   4.2000060e+01
   4.2000060e+01
   4.2000060e+01
   4.2000060e+01
   4.2000060e+01
   4.2000060e+01
   4.2000060e+01
   4.2000060e+01
   4.2000060e+01
   4.2000060e+01
   4.2000060e+01
   4.2000060e+01
   4.2000060e+01
   4.2000060e+01
   4.2000060e+01
   4.2000060e+01
   4.2000060e+01
   4.2000060e+01
   4.2000060e+01
   4.2000060e+01
   4.2000060e+01
   4.2000060e+01
   4.2000059e+01
   4.2000059e+01
   4.2000059e+01
   4.2000059e+01
   4.2000059e+01
   4.2000059e+01
   4.2000059e+01
   4.2000059e+01
   4.2000059e+01
   4.2000059e+01
   4.2000059e+01
   4.2000058e+01
   4.2000058e+01
   4.2000058e+01
   4.2000058e+01
   4.2000058e+01
   4.2000058e+01
   4.2000058e+01
   4.2000058e+01
   4.2000057e+01
   4.2000057e+01
   4.2000057e+01
   4.2000057e+01
   4.2000057e+01
   4.2000057e+01
   4.2000056e+01
   4.2000056e+01
   4.2000056e+01
   4.2000056e+01
   4.2000056e+01
   4.2000055e+01
   4.2000055e+01
   4.2000055e+01
   4.2000055e+01
   4.2000055e+01
   4.2000054e+01
   4.2000054e+01
   4.2000054e+01
   4.2000054e+01
   4.2000053e+01
   4.2000053e+01
   4.2000053e+01
   4.2000053e+01
   4.2000052e+01
   4.2000052e+01
   4.2000052e+01
   4.2000052e+01
   4.2000051e+01
   4.2000051e+01
   4.2000051e+01
   4.2000051e+01
   4.2000050e+01
   4.2000050e+01
   4.2000050e+01
   4.2000049e+01
   4.2000049e+01
   4.2000049e+01
   4.2000049e+01
   4.2000048e+01
   4.2000048e+01
   4.2000048e+01
   4.2000047e+01
   4.2000047e+01
   4.2000047e+01
   4.2000046e+01
   4.2000046e+01
   4.2000046e+01
   4.2000045e+01
   4.2000045e+01
   4.2000045e+01
   4.2000044e+01
   4.2000044e+01
   4.2000044e+01
   4.2000043e+01
   4.2000043e+01
   4.2000043e+01
   4.2000042e+01
   4.2000042e+01
   4.2000042e+01
   4.2000041e+01
   4.2000041e+01
   4.2000040e+01
   4.2000040e+01
   4.2000040e+01
   4.2000039e+01
   4.2000039e+01
   4.2000039e+01
   4.2000038e+01
   4.2000038e+01
   4.2000037e+01
   4.2000037e+01
   4.2000037e+01
   4.2000036e+01
   4.2000036e+01
   4.2000035e+01
   4.2000035e+01
   4.2000035e+01
   4.2000034e+01
   4.2000034e+01
   4.2000033e+01
   4.2000033e+01
   4.2000032e+01
   4.2000032e+01
   4.2000032e+01
   4.2000031e+01
   4.2000031e+01
   4.2000030e+01
   4.2000030e+01
   4.2000030e+01
   4.2000029e+01
   4.2000029e+01
   4.2000028e+01
   4.2000028e+01
   4.2000027e+01
   4.2000027e+01
   4.2000026e+01
   4.2000026e+01
   4.2000026e+01
   4.2000025e+01
   4.2000025e+01
   4.2000024e+01
   4.2000024e+01
   4.2000023e+01
   4.2000023e+01
   4.2000023e+01
   4.2000022e+01
   4.2000022e+01
   4.2000021e+01
   4.2000021e+01
   4.2000020e+01
   4.2000020e+01
   4.2000019e+01
   4.2000019e+01
   4.2000018e+01
   4.2000018e+01
   4.2000018e+01
   4.2000017e+01
   4.2000017e+01
   4.2000016e+01
   4.2000016e+01
   4.2000015e+01
   4.2000015e+01
   4.2000014e+01
   4.2000014e+01
   4.2000014e+01
   4.2000013e+01
   4.2000013e+01
   4.2000012e+01
   4.2000012e+01
   4.2000011e+01
   4.2000011e+01
   4.2000010e+01
   4.2000010e+01
   4.2000009e+01
   4.2000009e+01
   4.2000009e+01
   4.2000008e+01
   4.2000008e+01
   4.2000007e+01
   4.2000007e+01
   4.2000006e+01
   4.2000006e+01
   4.2000005e+01
   4.2000005e+01
   4.2000004e+01
   4.2000004e+01
   4.2000004e+01
   4.2000003e+01
   4.2000003e+01
   4.2000002e+01
   4.2000002e+01
   4.2000001e+01
   4.2000001e+01
   4.2000000e+01
   4.2000000e+01
   4.2000000e+01
   4.1999999e+01
   4.1999999e+01
   4.1999998e+01
   4.1999998e+01
   4.1999997e+01
   4.1999997e+01
   4.1999997e+01
   4.1999996e+01
   4.1999996e+01
   4.1999995e+01
   4.1999995e+01
   4.1999994e+01
   4.1999994e+01
   4.1999994e+01
   4.1999993e+01
   4.1999993e+01
   4.1999992e+01
   4.1999992e+01
   4.1999992e+01
   4.1999991e+01
   4.1999991e+01
   4.1999990e+01
   4.1999990e+01
   4.1999990e+01
   4.1999989e+01
   4.1999989e+01
   4.1999988e+01
   4.1999988e+01
   4.1999988e+01
   4.1999987e+01
   4.1999987e+01
   4.1999986e+01
   4.1999986e+01
   4.1999986e+01
   4.1999985e+01
   4.1999985e+01
   4.1999984e+01
   4.1999984e+01
   4.1999984e+01
   4.1999983e+01
   4.1999983e+01
   4.1999983e+01
   4.1999982e+01
   4.1999982e+01
   4.1999982e+01
   4.1999981e+01
   4.1999981e+01
   4.1999981e+01
   4.1999980e+01
   4.1999980e+01
   4.1999979e+01
   4.1999979e+01
   4.1999979e+01
   4.1999978e+01
   4.1999978e+01
   4.1999978e+01
   4.1999977e+01
   4.1999977e+01
   4.1999977e+01
   4.1999977e+01
   4.1999976e+01
   4.1999976e+01
   4.1999976e+01
   4.1999975e+01
   4.1999975e+01
   4.1999975e+01
   4.1999974e+01
   4.1999974e+01
   4.1999974e+01
   4.1999973e+01
   4.1999973e+01
   4.1999973e+01
   4.1999973e+01
   4.1999972e+01
   4.1999972e+01
   4.1999972e+01
   4.1999972e+01
   4.1999971e+01
   4.1999971e+01
   4.1999971e+01
   4.1999971e+01
   4.1999970e+01
   4.1999970e+01
   4.1999970e+01
   4.1999970e+01
   4.1999969e+01
   4.1999969e+01
   4.1999969e+01
   4.1999969e+01
   4.1999968e+01
   4.1999968e+01
   4.1999968e+01
   4.1999968e+01
   4.1999967e+01
   4.1999967e+01
   4.1999967e+01
   4.1999967e+01
   4.1999967e+01
   4.1999966e+01
   4.1999966e+01
   4.1999966e+01
   4.1999966e+01
   4.1999966e+01
   4.1999965e+01
   4.1999965e+01
   4.1999965e+01
   4.1999965e+01
   4.1999965e+01
   4.1999965e+01
   4.1999964e+01
   4.1999964e+01
   4.1999964e+01
   4.1999964e+01
   4.1999964e+01
   4.1999964e+01
   4.1999964e+01
   4.1999963e+01
   4.1999963e+01
   4.1999963e+01
   4.1999963e+01
   4.1999963e+01
   4.1999963e+01
   4.1999963e+01
   4.1999963e+01
   4.1999962e+01
   4.1999962e+01
   4.1999962e+01
   4.1999962e+01
   4.1999962e+01
   4.1999962e+01
   4.1999962e+01
   4.1999962e+01
   4.1999962e+01
   4.1999962e+01
   4.1999962e+01
   4.1999961e+01
   4.1999961e+01
   4.1999961e+01
   4.1999961e+01
   4.1999961e+01
   4.1999961e+01
   4.1999961e+01
   4.1999961e+01
   4.1999961e+01
   4.1999961e+01
   4.1999961e+01
   4.1999961e+01
   4.1999961e+01
   4.1999961e+01
   4.1999961e+01
   4.1999961e+01
   4.1999961e+01
   4.1999961e+01
   4.1999961e+01
   4.1999961e+01
   4.1999961e+01
   4.1999961e+01
   4.1999961e+01
   4.1999961e+01
   4.1999961e+01
   4.1999961e+01
   4.1999961e+01
   4.1999961e+01
   4.1999961e+01
   4.1999961e+01
   4.1999961e+01
   4.1999961e+01
   4.1999961e+01
   4.1999961e+01
   4.1999961e+01
   4.1999961e+01
   4.1999961e+01
   4.1999961e+01
   4.1999961e+01
   4.1999961e+01
   4.1999961e+01
   4.1999961e+01
   4.1999961e+01
   4.1999962e+01
   4.1999962e+01
   4.1999962e+01
   4.1999962e+01
   4.1999962e+01
   4.1999962e+01
   4.1999962e+01
   4.1999962e+01
   4.1999962e+01
   4.1999962e+01
   4.1999962e+01
   4.1999962e+01
   4.1999963e+01
   4.1999963e+01
   4.1999963e+01
   4.1999963e+01
   4.1999963e+01
   4.1999963e+01
   4.1999963e+01
   4.1999963e+01
   4.1999964e+01
   4.1999964e+01
   4.1999964e+01
   4.1999964e+01
   4.1999964e+01
   4.1999964e+01
   4.1999964e+01
   4.1999965e+01
   4.1999965e+01
   4.1999965e+01
   4.1999965e+01
   4.1999965e+01
   4.1999965e+01
   4.1999965e+01
   4.1999966e+01
   4.1999966e+01
   4.1999966e+01
   4.1999966e+01
   4.1999966e+01
   4.1999966e+01
   4.1999967e+01
   4.1999967e+01
   4.1999967e+01
   4.1999967e+01
   4.1999967e+01
   4.1999968e+01
   4.1999968e+01
   4.1999968e+01
   4.1999968e+01
   4.1999968e+01
   4.1999969e+01
   4.1999969e+01
   4.1999969e+01
   4.1999969e+01
   4.1999969e+01
   4.1999970e+01
   4.1999970e+01
   4.1999970e+01
   4.1999970e+01
   4.1999970e+01
   4.1999971e+01
   4.1999971e+01
   4.1999971e+01
   4.1999971e+01
   4.1999972e+01
   4.1999972e+01
   4.1999972e+01
   4.1999972e+01
   4.1999973e+01
   4.1999973e+01
   4.1999973e+01
   4.1999973e+01
   4.1999974e+01
   4.1999974e+01
   4.1999974e+01
   4.1999974e+01
   4.1999975e+01
   4.1999975e+01
   4.1999975e+01
   4.1999975e+01
   4.1999976e+01
   4.1999976e+01
   4.1999976e+01
   4.1999976e+01
   4.1999977e+01
   4.1999977e+01
   4.1999977e+01
   4.1999977e+01
   4.1999978e+01
   4.1999978e+01
   4.1999978e+01
   4.1999978e+01
   4.1999979e+01
   4.1999979e+01
   4.1999979e+01
   4.1999980e+01
   4.1999980e+01
   4.1999980e+01
   4.1999980e+01
   4.1999981e+01
   4.1999981e+01
   4.1999981e+01
   4.1999982e+01
   4.1999982e+01
   4.1999982e+01
   4.1999982e+01
   4.1999983e+01
   4.1999983e+01
   4.1999983e+01
   4.1999984e+01
   4.1999984e+01
   4.1999984e+01
   4.1999984e+01
   4.1999985e+01
   4.1999985e+01
   4.1999985e+01
   4.1999986e+01
   4.1999986e+01
   4.1999986e+01
   4.1999986e+01
   4.1999987e+01
   4.1999987e+01
   4.1999987e+01
   4.1999988e+01
   4.1999988e+01
   4.1999988e+01
   4.1999988e+01
   4.1999989e+01
   4.1999989e+01
   4.1999989e+01
   4.1999990e+01
   4.1999990e+01
   4.1999990e+01
   4.1999991e+01
   4.1999991e+01
   4.1999991e+01
   4.1999991e+01
   4.1999992e+01
   4.1999992e+01
   4.1999992e+01
   4.1999993e+01
   4.1999993e+01
   4.1999993e+01
   4.1999994e+01
   4.1999994e+01
   4.1999994e+01
   4.1999994e+01
   4.1999995e+01
   4.1999995e+01
   4.1999995e+01
   4.1999996e+01
   4.1999996e+01
   4.1999996e+01
   4.1999997e+01
   4.1999997e+01
   4.1999997e+01
   4.1999997e+01
   4.1999998e+01
   4.1999998e+01
   4.1999998e+01
   4.1999999e+01
   4.1999999e+01
   4.1999999e+01
   4.1999999e+01
   4.2000000e+01
   4.2000000e+01
   4.2000000e+01
   4.2000001e+01
   4.2000001e+01
   4.2000001e+01
   4.2000001e+01
   4.2000002e+01
   4.2000002e+01
   4.2000002e+01
   4.2000003e+01
   4.2000003e+01
   4.2000003e+01
   4.2000003e+01
   4.2000004e+01
   4.2000004e+01
   4.2000004e+01
   4.2000004e+01
   4.2000005e+01
   4.2000005e+01
   4.2000005e+01
   4.2000006e+01
   4.2000006e+01
   4.2000006e+01
   4.2000006e+01
   4.2000007e+01
   4.2000007e+01
   4.2000007e+01
   4.2000007e+01
   4.2000008e+01
   4.2000008e+01
   4.2000008e+01
   4.2000008e+01
   4.2000009e+01
   4.2000009e+01
   4.2000009e+01
   4.2000009e+01
   4.2000010e+01
   4.2000010e+01
   4.2000010e+01
   4.2000010e+01
   4.2000011e+01
   4.2000011e+01
   4.2000011e+01
   4.2000011e+01
   4.2000012e+01
   4.2000012e+01
   4.2000012e+01
   4.2000012e+01
   4.2000013e+01
   4.2000013e+01
   4.2000013e+01
   4.2000013e+01
   4.2000013e+01
   4.2000014e+01
   4.2000014e+01
   4.2000014e+01
   4.2000014e+01
   4.2000015e+01
   4.2000015e+01
   4.2000015e+01
   4.2000015e+01
   4.2000015e+01
   4.2000016e+01
   4.2000016e+01
   4.2000016e+01
   4.2000016e+01
   4.2000016e+01
   4.2000017e+01
   4.2000017e+01
   4.2000017e+01
   4.2000017e+01
   4.2000017e+01
   4.2000018e+01
   4.2000018e+01
   4.2000018e+01
   4.2000018e+01
   4.2000018e+01
   4.2000018e+01
   4.2000019e+01
   4.2000019e+01
   4.2000019e+01
   4.2000019e+01
   4.2000019e+01
   4.2000020e+01
   4.2000020e+01
   4.2000020e+01
   4.2000020e+01
   4.2000020e+01
   4.2000020e+01
   4.2000020e+01
   4.2000021e+01
   4.2000021e+01
   4.2000021e+01
   4.2000021e+01
   4.2000021e+01
   4.2000021e+01
   4.2000021e+01
   4.2000022e+01
   4.2000022e+01
   4.2000022e+01
   4.2000022e+01
   4.2000022e+01
   4.2000022e+01
   4.2000022e+01
   4.2000023e+01
   4.2000023e+01
   4.2000023e+01
   4.2000023e+01
   4.2000023e+01
   4.2000023e+01
   4.2000023e+01
   4.2000023e+01
   4.2000023e+01
   4.2000024e+01
   4.2000024e+01
   4.2000024e+01
   4.2000024e+01
   4.2000024e+01
   4.2000024e+01
   4.2000024e+01
   4.2000024e+01
   4.2000024e+01
   4.2000024e+01
   4.2000024e+01
   4.2000024e+01
   4.2000025e+01
   4.2000025e+01
   4.2000025e+01
   4.2000025e+01
   4.2000025e+01
   4.2000025e+01
   4.2000025e+01
   4.2000025e+01
   4.2000025e+01
   4.2000025e+01
   4.2000025e+01
   4.2000025e+01
   4.2000025e+01
   4.2000025e+01
   4.2000025e+01
   4.2000025e+01
   4.2000025e+01
   4.2000025e+01
   4.2000026e+01
   4.2000026e+01
   4.2000026e+01
   4.2000026e+01
   4.2000026e+01
   4.2000026e+01
   4.2000026e+01
   4.2000026e+01
   4.2000026e+01
   4.2000026e+01
   4.2000026e+01
   4.2000026e+01
   4.2000026e+01
   4.2000026e+01
   4.2000026e+01
   4.2000026e+01
   4.2000026e+01
   4.2000026e+01
   4.2000026e+01
   4.2000026e+01
   4.2000026e+01
   4.2000026e+01
   4.2000026e+01
   4.2000026e+01
   4.2000026e+01
   4.2000026e+01
   4.2000026e+01
   4.2000026e+01
   4.2000026e+01
   4.2000026e+01
   4.2000025e+01
   4.2000025e+01
   4.2000025e+01
   4.2000025e+01
   4.2000025e+01
   4.2000025e+01
   4.2000025e+01
   4.2000025e+01
   4.2000025e+01
   4.2000025e+01
   4.2000025e+01
   4.2000025e+01
   4.2000025e+01
   4.2000025e+01
   4.2000025e+01
   4.2000025e+01
   4.2000025e+01
   4.2000025e+01
   4.2000025e+01
   4.2000025e+01
   4.2000024e+01
   4.2000024e+01
   4.2000024e+01
   4.2000024e+01
   4.2000024e+01
   4.2000024e+01
   4.2000024e+01
   4.2000024e+01
   4.2000024e+01
   4.2000024e+01
   4.2000024e+01
   4.2000024e+01
   4.2000023e+01
   4.2000023e+01
   4.2000023e+01
   4.2000023e+01
   4.2000023e+01
   4.2000023e+01
   4.2000023e+01
   4.2000023e+01
   4.2000023e+01
   4.2000023e+01
   4.2000022e+01
   4.2000022e+01
   4.2000022e+01
   4.2000022e+01
   4.2000022e+01
   4.2000022e+01
   4.2000022e+01
   4.2000022e+01
   4.2000021e+01
   4.2000021e+01
   4.2000021e+01
   4.2000021e+01
   4.2000021e+01
   4.2000021e+01
   4.2000021e+01
   4.2000021e+01
   4.2000020e+01
   4.2000020e+01
   4.2000020e+01
   4.2000020e+01
   4.2000020e+01
   4.2000020e+01
   4.2000020e+01
   4.2000019e+01
   4.2000019e+01
   4.2000019e+01
   4.2000019e+01
   4.2000019e+01
   4.2000019e+01
   4.2000019e+01
   4.2000018e+01
   4.2000018e+01
   4.2000018e+01
   4.2000018e+01
   4.2000018e+01
   4.2000018e+01
   4.2000017e+01
   4.2000017e+01
   4.2000017e+01
   4.2000017e+01
   4.2000017e+01
   4.2000017e+01
   4.2000017e+01
   4.2000016e+01
   4.2000016e+01
   4.2000016e+01
   4.2000016e+01
   4.2000016e+01
   4.2000016e+01
   4.2000015e+01
   4.2000015e+01
   4.2000015e+01
   4.2000015e+01
   4.2000015e+01
   4.2000014e+01
   4.2000014e+01
   4.2000014e+01
   4.2000014e+01
   4.2000014e+01
   4.2000014e+01
   4.2000013e+01
   4.2000013e+01
   4.2000013e+01
   4.2000013e+01
   4.2000013e+01
   4.2000012e+01
   4.2000012e+01
   4.2000012e+01
   4.2000012e+01
   4.2000012e+01
   4.2000012e+01
   4.2000011e+01
   4.2000011e+01
   4.2000011e+01
   4.2000011e+01
   4.2000011e+01
   4.2000010e+01
   4.2000010e+01
   4.2000010e+01
   4.2000010e+01
   4.2000010e+01
   4.2000009e+01
   4.2000009e+01
   4.2000009e+01
   4.2000009e+01
   4.2000009e+01
   4.2000008e+01
   4.2000008e+01
   4.2000008e+01
   4.2000008e+01
   4.2000008e+01
   4.2000008e+01
   4.2000007e+01
   4.2000007e+01
   4.2000007e+01
   4.2000007e+01
   4.2000007e+01
   4.2000006e+01
   4.2000006e+01
   4.2000006e+01
   4.2000006e+01
   4.2000006e+01
   4.2000005e+01
   4.2000005e+01
   4.2000005e+01
   4.2000005e+01
   4.2000005e+01
   4.2000004e+01
   4.2000004e+01
   4.2000004e+01
   4.2000004e+01
   4.2000004e+01
   4.2000003e+01
   4.2000003e+01
   4.2000003e+01
   4.2000003e+01
   4.2000003e+01
   4.2000002e+01
   4.2000002e+01
   4.2000002e+01
   4.2000002e+01
   4.2000002e+01
   4.2000002e+01
   4.2000001e+01
   4.2000001e+01
   4.2000001e+01
   4.2000001e+01
   4.2000001e+01
   4.2000000e+01
   4.2000000e+01
   4.2000000e+01
   4.2000000e+01
   4.2000000e+01
   4.1999999e+01
   4.1999999e+01
   4.1999999e+01
   4.1999999e+01
   4.1999999e+01
   4.1999998e+01
   4.1999998e+01
   4.1999998e+01
   4.1999998e+01
   4.1999998e+01
   4.1999998e+01
   4.1999997e+01
   4.1999997e+01
   4.1999997e+01
   4.1999997e+01
   4.1999997e+01
   4.1999997e+01
   4.1999996e+01
   4.1999996e+01
   4.1999996e+01
   4.1999996e+01
   4.1999996e+01
   4.1999995e+01
   4.1999995e+01
   4.1999995e+01
   4.1999995e+01
   4.1999995e+01
   4.1999995e+01
   4.1999994e+01
   4.1999994e+01
   4.1999994e+01
   4.1999994e+01
   4.1999994e+01
   4.1999994e+01
   4.1999993e+01
   4.1999993e+01
   4.1999993e+01
   4.1999993e+01
   4.1999993e+01
   4.1999993e+01
   4.1999993e+01
   4.1999992e+01
   4.1999992e+01
   4.1999992e+01
   4.1999992e+01
   4.1999992e+01
   4.1999992e+01
   4.1999991e+01
   4.1999991e+01
   4.1999991e+01
   4.1999991e+01
   4.1999991e+01
   4.1999991e+01
   4.1999991e+01
   4.1999990e+01
   4.1999990e+01
   4.1999990e+01
   4.1999990e+01
   4.1999990e+01
   4.1999990e+01
   4.1999990e+01
   4.1999989e+01
   4.1999989e+01
   4.1999989e+01
   4.1999989e+01
   4.1999989e+01
   4.1999989e+01
   4.1999989e+01
   4.1999989e+01
   4.1999988e+01
   4.1999988e+01
   4.1999988e+01
   4.1999988e+01
   4.1999988e+01
   4.1999988e+01
   4.1999988e+01
   4.1999988e+01
   4.1999988e+01
   4.1999987e+01
   4.1999987e+01
   4.1999987e+01
   4.1999987e+01
   4.1999987e+01
   4.1999987e+01
   4.1999987e+01
   4.1999987e+01
   4.1999987e+01
   4.1999986e+01
   4.1999986e+01
   4.1999986e+01
   4.1999986e+01
   4.1999986e+01
   4.1999986e+01
   4.1999986e+01
   4.1999986e+01
   4.1999986e+01
   4.1999986e+01
   4.1999986e+01
   4.1999985e+01
   4.1999985e+01
   4.1999985e+01
   4.1999985e+01
   4.1999985e+01
   4.1999985e+01
   4.1999985e+01
   4.1999985e+01
   4.1999985e+01
   4.1999985e+01
   4.1999985e+01
   4.1999985e+01
   4.1999985e+01
   4.1999985e+01
   4.1999984e+01
   4.1999984e+01
   4.1999984e+01
   4.1999984e+01
   4.1999984e+01
   4.1999984e+01
   4.1999984e+01
   4.1999984e+01
   4.1999984e+01
   4.1999984e+01
   4.1999984e+01
   4.1999984e+01
   4.1999984e+01
   4.1999984e+01
   4.1999984e+01
   4.1999984e+01
   4.1999984e+01
   4.1999984e+01
   4.1999984e+01
   4.1999984e+01
   4.1999983e+01
   4.1999983e+01
   4.1999983e+01
   4.1999983e+01
   4.1999983e+01
   4.1999983e+01
   4.1999983e+01
   4.1999983e+01
   4.1999983e+01
   4.1999983e+01
   4.1999983e+01
   4.1999983e+01
   4.1999983e+01
   4.1999983e+01
   4.1999983e+01
   4.1999983e+01
   4.1999983e+01
   4.1999983e+01
   4.1999983e+01
   4.1999983e+01
   4.1999983e+01
   4.1999983e+01
   4.1999983e+01
   4.1999983e+01
   4.1999983e+01
   4.1999983e+01
   4.1999983e+01
   4.1999983e+01
   4.1999983e+01
   4.1999983e+01
   4.1999983e+01
   4.1999983e+01
   4.1999983e+01
   4.1999983e+01
   4.1999983e+01
   4.1999983e+01
   4.1999983e+01
   4.1999983e+01
   4.1999983e+01
   4.1999983e+01
   4.1999983e+01
   4.1999983e+01
   4.1999983e+01
   4.1999983e+01
   4.1999983e+01
   4.1999983e+01
   4.1999984e+01
   4.1999984e+01
   4.1999984e+01
   4.1999984e+01
   4.1999984e+01
   4.1999984e+01
   4.1999984e+01
   4.1999984e+01
   4.1999984e+01
   4.1999984e+01
   4.1999984e+01
   4.1999984e+01
   4.1999984e+01
   4.1999984e+01
   4.1999984e+01
   4.1999984e+01
   4.1999984e+01
   4.1999984e+01
   4.1999984e+01
   4.1999984e+01
   4.1999984e+01
   4.1999984e+01
   4.1999985e+01
   4.1999985e+01
   4.1999985e+01
   4.1999985e+01
   4.1999985e+01
   4.1999985e+01
   4.1999985e+01
   4.1999985e+01
   4.1999985e+01
   4.1999985e+01
   4.1999985e+01
   4.1999985e+01
   4.1999985e+01
   4.1999985e+01
   4.1999985e+01
   4.1999986e+01
   4.1999986e+01
   4.1999986e+01
   4.1999986e+01
   4.1999986e+01
   4.1999986e+01
   4.1999986e+01
   4.1999986e+01
   4.1999986e+01
   4.1999986e+01
   4.1999986e+01
   4.1999986e+01
   4.1999987e+01
   4.1999987e+01
   4.1999987e+01
   4.1999987e+01
   4.1999987e+01
   4.1999987e+01
   4.1999987e+01
   4.1999987e+01
   4.1999987e+01
   4.1999987e+01
   4.1999987e+01
   4.1999988e+01
   4.1999988e+01
   4.1999988e+01
   4.1999988e+01
   4.1999988e+01
   4.1999988e+01
   4.1999988e+01
   4.1999988e+01
   4.1999988e+01
   4.1999988e+01
   4.1999989e+01
   4.1999989e+01
   4.1999989e+01
   4.1999989e+01
   4.1999989e+01
   4.1999989e+01
   4.1999989e+01
   4.1999989e+01
   4.1999989e+01
   4.1999990e+01
   4.1999990e+01
   4.1999990e+01
   4.1999990e+01
   4.1999990e+01
   4.1999990e+01
   4.1999990e+01
   4.1999990e+01
   4.1999990e+01
   4.1999991e+01
   4.1999991e+01
   4.1999991e+01
   4.1999991e+01
   4.1999991e+01
   4.1999991e+01
   4.1999991e+01
   4.1999991e+01
   4.1999991e+01
   4.1999992e+01
   4.1999992e+01
   4.1999992e+01
   4.1999992e+01
   4.1999992e+01
   4.1999992e+01
   4.1999992e+01
   4.1999992e+01
   4.1999993e+01
   4.1999993e+01
   4.1999993e+01
   4.1999993e+01
   4.1999993e+01
   4.1999993e+01
   4.1999993e+01
   4.1999993e+01
   4.1999994e+01
   4.1999994e+01
   4.1999994e+01
   4.1999994e+01
   4.1999994e+01
   4.1999994e+01
   4.1999994e+01
   4.1999994e+01
   4.1999995e+01
   4.1999995e+01
   4.1999995e+01
   4.1999995e+01
   4.1999995e+01
   4.1999995e+01
   4.1999995e+01
   4.1999995e+01
   4.1999996e+01
