   6.0000000e+02
   6.0530223e+02
   6.0993332e+02
   6.1398316e+02
   6.1752851e+02
   6.2063530e+02
   6.2336036e+02
   6.2575277e+02
   6.2785506e+02
   6.2970410e+02
   6.3133192e+02
   6.3319942e+02
   6.3485081e+02
   6.3631856e+02
   6.3762817e+02
   6.3880049e+02
   6.3985306e+02
   6.4080088e+02
   6.4165688e+02
   6.4243230e+02
   6.4313691e+02
   6.4377923e+02
   6.4436671e+02
   6.4490584e+02
   6.4540231e+02
   6.4586107e+02
   6.4628647e+02
   6.4668228e+02
   6.4705184e+02
   6.4739802e+02
   6.4772337e+02
   6.4803010e+02
   6.4832013e+02
   6.4859517e+02
   6.4885669e+02
   6.4910598e+02
   6.4934418e+02
   6.4957227e+02
   6.4979112e+02
   6.5000149e+02
   6.5020404e+02
   6.5039935e+02
   6.5058793e+02
   6.5077023e+02
   6.5094663e+02
   6.5111748e+02
   6.5128308e+02
   6.5144369e+02
   6.5159954e+02
   6.5175085e+02
   6.5189778e+02
   6.5204049e+02
   6.5217913e+02
   6.5231382e+02
   6.5244467e+02
   6.5257177e+02
   6.5269521e+02
   6.5281507e+02
   6.5293142e+02
   6.5304431e+02
   6.5315381e+02
   6.5325996e+02
   6.5336280e+02
   6.5346238e+02
   6.5355874e+02
   6.5365191e+02
   6.5374192e+02
   6.5382880e+02
   6.5391258e+02
   6.5399329e+02
   6.5407094e+02
   6.5414556e+02
   6.5421717e+02
   6.5428579e+02
   6.5435145e+02
   6.5441416e+02
   6.5447394e+02
   6.5453081e+02
   6.5458478e+02
   6.5463588e+02
   6.5468411e+02
   6.5472951e+02
   6.5477208e+02
   6.5481184e+02
   6.5484881e+02
   6.5488300e+02
   6.5491443e+02
   6.5494313e+02
   6.5496909e+02
   6.5499235e+02
   6.5501291e+02
   6.5503079e+02
   6.5504602e+02
   6.5505861e+02
   6.5506857e+02
   6.5507592e+02
   6.5508068e+02
   6.5508287e+02
   6.5508250e+02
   6.5507959e+02
   6.5507417e+02
   6.5506624e+02
   6.5505583e+02
   6.5504295e+02
   6.5502762e+02
   6.5500987e+02
   6.5498971e+02
   6.5496715e+02
   6.5494223e+02
   6.5491495e+02
   6.5488534e+02
   6.5485341e+02
   6.5481920e+02
   6.5478271e+02
   6.5474396e+02
   6.5470298e+02
   6.5465979e+02
   6.5461441e+02
   6.5456685e+02
   6.5451715e+02
   6.5446531e+02
   6.5441136e+02
   6.5435533e+02
   6.5429723e+02
   6.5423709e+02
   6.5417492e+02
   6.5411075e+02
   6.5404460e+02
   6.5397649e+02
   6.5390645e+02
   6.5383449e+02
   6.5376065e+02
   6.5368493e+02
   6.5360737e+02
   6.5352799e+02
   6.5344680e+02
   6.5336384e+02
   6.5327912e+02
   6.5319267e+02
   6.5310452e+02
   6.5301467e+02
   6.5292317e+02
   6.5283002e+02
   6.5273527e+02
   6.5263892e+02
   6.5254100e+02
   6.5244154e+02
   6.5234057e+02
   6.5223816e+02
   6.5213437e+02
   6.5202925e+02
   6.5192285e+02
   6.5181524e+02
   6.5170644e+02
   6.5159652e+02
   6.5148551e+02
   6.5137346e+02
   6.5126040e+02
   6.5114638e+02
   6.5103144e+02
   6.5091561e+02
   6.5079893e+02
   6.5068143e+02
   6.5056316e+02
   6.5044413e+02
   6.5032439e+02
   6.5020396e+02
   6.5008288e+02
   6.4996118e+02
   6.4983889e+02
   6.4971603e+02
   6.4959263e+02
   6.4946873e+02
   6.4934434e+02
   6.4921950e+02
   6.4909424e+02
   6.4896856e+02
   6.4884251e+02
   6.4871611e+02
   6.4858937e+02
   6.4846232e+02
   6.4833500e+02
   6.4820740e+02
   6.4807957e+02
   6.4795152e+02
   6.4782328e+02
   6.4769485e+02
   6.4756627e+02
   6.4743755e+02
   6.4730871e+02
   6.4717978e+02
   6.4705076e+02
   6.4692168e+02
   6.4679256e+02
   6.4666341e+02
   6.4653425e+02
   6.4640510e+02
   6.4627597e+02
   6.4614688e+02
   6.4601784e+02
   6.4588888e+02
   6.4575999e+02
   6.4563121e+02
   6.4550255e+02
   6.4537401e+02
   6.4524561e+02
   6.4511736e+02
   6.4498929e+02
   6.4486139e+02
   6.4473369e+02
   6.4460619e+02
   6.4447891e+02
   6.4435185e+02
   6.4422504e+02
   6.4409848e+02
   6.4397217e+02
   6.4384614e+02
   6.4372039e+02
   6.4359493e+02
   6.4346978e+02
   6.4334493e+02
   6.4322041e+02
   6.4309621e+02
   6.4297235e+02
   6.4284883e+02
   6.4272567e+02
   6.4260287e+02
   6.4248044e+02
   6.4235839e+02
   6.4223673e+02
   6.4211545e+02
   6.4199457e+02
   6.4187410e+02
   6.4175404e+02
   6.4163440e+02
   6.4151518e+02
   6.4139639e+02
   6.4127804e+02
   6.4116013e+02
   6.4104266e+02
   6.4092565e+02
   6.4080909e+02
   6.4069299e+02
   6.4057737e+02
   6.4046221e+02
   6.4034753e+02
   6.4023333e+02
   6.4011961e+02
   6.4000638e+02
   6.3989365e+02
   6.3978141e+02
   6.3966967e+02
   6.3955844e+02
   6.3944772e+02
   6.3933750e+02
   6.3922781e+02
   6.3911863e+02
   6.3900998e+02
   6.3890186e+02
   6.3879428e+02
   6.3868723e+02
   6.3858072e+02
   6.3847476e+02
   6.3836935e+02
   6.3826449e+02
   6.3816019e+02
   6.3805645e+02
   6.3795329e+02
   6.3785069e+02
   6.3774866e+02
   6.3764722e+02
   6.3754636e+02
   6.3744609e+02
   6.3734640e+02
   6.3724731e+02
   6.3714882e+02
   6.3705093e+02
   6.3695365e+02
   6.3685698e+02
   6.3676092e+02
   6.3666548e+02
   6.3657065e+02
   6.3647645e+02
   6.3638288e+02
   6.3628994e+02
   6.3619763e+02
   6.3610595e+02
   6.3601492e+02
   6.3592453e+02
   6.3583479e+02
   6.3574569e+02
   6.3565725e+02
   6.3556946e+02
   6.3548233e+02
   6.3539586e+02
   6.3531005e+02
   6.3522491e+02
   6.3514043e+02
   6.3505663e+02
   6.3497350e+02
   6.3489105e+02
   6.3480927e+02
   6.3472817e+02
   6.3464776e+02
   6.3456803e+02
   6.3448899e+02
   6.3441064e+02
   6.3433297e+02
   6.3425601e+02
   6.3417973e+02
   6.3410415e+02
   6.3402927e+02
   6.3395510e+02
   6.3388162e+02
   6.3380885e+02
   6.3373678e+02
   6.3366541e+02
   6.3359476e+02
   6.3352482e+02
   6.3345558e+02
   6.3338706e+02
   6.3331925e+02
   6.3325216e+02
   6.3318578e+02
   6.3312012e+02
   6.3305517e+02
   6.3299095e+02
   6.3292744e+02
   6.3286466e+02
   6.3280260e+02
   6.3274126e+02
   6.3268064e+02
   6.3262074e+02
   6.3256157e+02
   6.3250313e+02
   6.3244540e+02
   6.3238841e+02
   6.3233214e+02
   6.3227660e+02
   6.3222178e+02
   6.3216770e+02
   6.3211433e+02
   6.3206170e+02
   6.3200980e+02
   6.3195862e+02
   6.3190817e+02
   6.3185845e+02
   6.3180946e+02
   6.3176119e+02
   6.3171365e+02
   6.3166684e+02
   6.3162076e+02
   6.3157540e+02
   6.3153078e+02
   6.3148687e+02
   6.3144370e+02
   6.3140125e+02
   6.3135952e+02
   6.3131852e+02
   6.3127825e+02
   6.3123870e+02
   6.3119987e+02
   6.3116176e+02
   6.3112438e+02
   6.3108772e+02
   6.3105177e+02
   6.3101655e+02
   6.3098205e+02
   6.3094826e+02
   6.3091519e+02
   6.3088284e+02
   6.3085120e+02
   6.3082028e+02
   6.3079007e+02
   6.3076057e+02
   6.3073178e+02
   6.3070370e+02
   6.3067633e+02
   6.3064967e+02
   6.3062372e+02
   6.3059847e+02
   6.3057392e+02
   6.3055007e+02
   6.3052693e+02
   6.3050449e+02
   6.3048274e+02
   6.3046169e+02
   6.3044133e+02
   6.3042167e+02
   6.3040271e+02
   6.3038443e+02
   6.3036684e+02
   6.3034994e+02
   6.3033372e+02
   6.3031819e+02
   6.3030334e+02
   6.3028917e+02
   6.3027568e+02
   6.3026287e+02
   6.3025073e+02
   6.3023927e+02
   6.3022848e+02
   6.3021835e+02
   6.3020890e+02
   6.3020011e+02
   6.3019198e+02
   6.3018452e+02
   6.3017772e+02
   6.3017157e+02
   6.3016608e+02
   6.3016125e+02
   6.3015707e+02
   6.3015353e+02
   6.3015064e+02
   6.3014840e+02
   6.3014680e+02
   6.3014585e+02
   6.3014553e+02
   6.3014585e+02
   6.3014680e+02
   6.3014838e+02
   6.3015059e+02
   6.3015344e+02
   6.3015690e+02
   6.3016099e+02
   6.3016570e+02
   6.3017102e+02
   6.3017696e+02
   6.3018351e+02
   6.3019068e+02
   6.3019845e+02
   6.3020682e+02
   6.3021580e+02
   6.3022538e+02
   6.3023556e+02
   6.3024633e+02
   6.3025770e+02
   6.3026965e+02
   6.3028219e+02
   6.3029532e+02
   6.3030902e+02
   6.3032331e+02
   6.3033817e+02
   6.3035361e+02
   6.3036961e+02
   6.3038619e+02
   6.3040333e+02
   6.3042103e+02
   6.3043929e+02
   6.3045811e+02
   6.3047749e+02
   6.3049741e+02
   6.3051788e+02
   6.3053890e+02
   6.3056046e+02
   6.3058256e+02
   6.3060519e+02
   6.3062836e+02
   6.3065206e+02
   6.3067628e+02
   6.3070103e+02
   6.3072631e+02
   6.3075210e+02
   6.3077840e+02
   6.3080522e+02
   6.3083254e+02
   6.3086038e+02
   6.3088871e+02
   6.3091754e+02
   6.3094687e+02
   6.3097670e+02
   6.3100701e+02
   6.3103781e+02
   6.3106909e+02
   6.3110086e+02
   6.3113310e+02
   6.3116581e+02
   6.3119900e+02
   6.3123265e+02
   6.3126676e+02
   6.3130134e+02
   6.3133637e+02
   6.3137186e+02
   6.3140779e+02
   6.3144417e+02
   6.3148100e+02
   6.3151826e+02
   6.3155597e+02
   6.3159410e+02
   6.3163266e+02
   6.3167165e+02
   6.3171107e+02
   6.3175090e+02
   6.3179114e+02
   6.3183180e+02
   6.3187287e+02
   6.3191434e+02
   6.3195621e+02
   6.3199848e+02
   6.3204114e+02
   6.3208420e+02
   6.3212763e+02
   6.3217145e+02
   6.3221566e+02
   6.3226023e+02
   6.3230518e+02
   6.3235049e+02
   6.3239617e+02
   6.3244221e+02
   6.3248860e+02
   6.3253535e+02
   6.3258245e+02
   6.3262989e+02
   6.3267767e+02
   6.3272579e+02
   6.3277424e+02
   6.3282302e+02
   6.3287213e+02
   6.3292155e+02
   6.3297130e+02
   6.3302136e+02
   6.3307173e+02
   6.3312240e+02
   6.3317338e+02
   6.3322465e+02
   6.3327622e+02
   6.3332808e+02
   6.3338022e+02
   6.3343264e+02
   6.3348534e+02
   6.3353832e+02
   6.3359156e+02
   6.3364507e+02
   6.3369884e+02
   6.3375286e+02
   6.3380714e+02
   6.3386167e+02
   6.3391644e+02
   6.3397145e+02
   6.3402669e+02
   6.3408217e+02
   6.3413788e+02
   6.3419380e+02
   6.3424995e+02
   6.3430631e+02
   6.3436288e+02
   6.3441966e+02
   6.3447664e+02
   6.3453381e+02
   6.3459118e+02
   6.3464874e+02
   6.3470648e+02
   6.3476440e+02
   6.3482250e+02
   6.3488076e+02
   6.3493920e+02
   6.3499779e+02
   6.3505654e+02
   6.3511545e+02
   6.3517451e+02
   6.3523370e+02
   6.3529304e+02
   6.3535252e+02
   6.3541212e+02
   6.3547185e+02
   6.3553171e+02
   6.3559168e+02
   6.3565176e+02
   6.3571195e+02
   6.3577225e+02
   6.3583264e+02
   6.3589313e+02
   6.3595371e+02
   6.3601437e+02
   6.3607511e+02
   6.3613593e+02
   6.3619682e+02
   6.3625778e+02
   6.3631880e+02
   6.3637988e+02
   6.3644101e+02
   6.3650219e+02
   6.3656342e+02
   6.3662468e+02
   6.3668598e+02
   6.3674730e+02
   6.3680865e+02
   6.3687003e+02
   6.3693141e+02
   6.3699281e+02
   6.3705422e+02
   6.3711562e+02
   6.3717703e+02
   6.3723842e+02
   6.3729980e+02
   6.3736117e+02
   6.3742251e+02
   6.3748383e+02
   6.3754512e+02
   6.3760637e+02
   6.3766758e+02
   6.3772874e+02
   6.3778985e+02
   6.3785091e+02
   6.3791191e+02
   6.3797285e+02
   6.3803371e+02
   6.3809451e+02
   6.3815522e+02
   6.3821585e+02
   6.3827639e+02
   6.3833684e+02
   6.3839720e+02
   6.3845745e+02
   6.3851759e+02
   6.3857763e+02
   6.3863754e+02
   6.3869734e+02
   6.3875701e+02
   6.3881656e+02
   6.3887596e+02
   6.3893523e+02
   6.3899436e+02
   6.3905333e+02
   6.3911215e+02
   6.3917082e+02
   6.3922932e+02
   6.3928766e+02
   6.3934582e+02
   6.3940381e+02
   6.3946162e+02
   6.3951924e+02
   6.3957667e+02
   6.3963391e+02
   6.3969095e+02
   6.3974779e+02
   6.3980442e+02
   6.3986083e+02
   6.3991703e+02
   6.3997301e+02
   6.4002876e+02
   6.4008429e+02
   6.4013957e+02
   6.4019462e+02
   6.4024943e+02
   6.4030399e+02
   6.4035830e+02
   6.4041235e+02
   6.4046614e+02
   6.4051966e+02
   6.4057292e+02
   6.4062590e+02
   6.4067861e+02
   6.4073103e+02
   6.4078317e+02
   6.4083502e+02
   6.4088658e+02
   6.4093783e+02
   6.4098879e+02
   6.4103943e+02
   6.4108977e+02
   6.4113979e+02
   6.4118950e+02
   6.4123888e+02
   6.4128794e+02
   6.4133666e+02
   6.4138505e+02
   6.4143311e+02
   6.4148082e+02
   6.4152819e+02
   6.4157520e+02
   6.4162187e+02
   6.4166818e+02
   6.4171412e+02
   6.4175971e+02
   6.4180492e+02
   6.4184977e+02
   6.4189424e+02
   6.4193833e+02
   6.4198204e+02
   6.4202536e+02
   6.4206830e+02
   6.4211084e+02
   6.4215299e+02
   6.4219474e+02
   6.4223609e+02
   6.4227704e+02
   6.4231757e+02
   6.4235770e+02
   6.4239741e+02
   6.4243670e+02
   6.4247557e+02
   6.4251402e+02
   6.4255204e+02
   6.4258963e+02
   6.4262679e+02
   6.4266352e+02
   6.4269980e+02
   6.4273565e+02
   6.4277105e+02
   6.4280601e+02
   6.4284051e+02
   6.4287457e+02
   6.4290817e+02
   6.4294132e+02
   6.4297401e+02
   6.4300623e+02
   6.4303799e+02
   6.4306929e+02
   6.4310012e+02
   6.4313048e+02
   6.4316036e+02
   6.4318977e+02
   6.4321871e+02
   6.4324716e+02
   6.4327514e+02
   6.4330263e+02
   6.4332964e+02
   6.4335616e+02
   6.4338219e+02
   6.4340773e+02
   6.4343279e+02
   6.4345734e+02
   6.4348141e+02
   6.4350497e+02
   6.4352804e+02
   6.4355061e+02
   6.4357268e+02
   6.4359425e+02
   6.4361531e+02
   6.4363587e+02
   6.4365593e+02
   6.4367547e+02
   6.4369451e+02
   6.4371304e+02
   6.4373106e+02
   6.4374857e+02
   6.4376557e+02
   6.4378205e+02
   6.4379803e+02
   6.4381349e+02
   6.4382843e+02
   6.4384286e+02
   6.4385677e+02
   6.4387017e+02
   6.4388305e+02
   6.4389541e+02
   6.4390726e+02
   6.4391858e+02
   6.4392939e+02
   6.4393969e+02
   6.4394946e+02
   6.4395872e+02
   6.4396745e+02
   6.4397567e+02
   6.4398338e+02
   6.4399056e+02
   6.4399723e+02
   6.4400338e+02
   6.4400901e+02
   6.4401412e+02
   6.4401872e+02
   6.4402281e+02
   6.4402637e+02
   6.4402943e+02
   6.4403197e+02
   6.4403400e+02
   6.4403551e+02
   6.4403651e+02
   6.4403700e+02
   6.4403699e+02
   6.4403646e+02
   6.4403543e+02
   6.4403388e+02
   6.4403184e+02
   6.4402929e+02
   6.4402623e+02
   6.4402267e+02
   6.4401862e+02
   6.4401406e+02
   6.4400901e+02
   6.4400346e+02
   6.4399741e+02
   6.4399087e+02
   6.4398384e+02
   6.4397632e+02
   6.4396831e+02
   6.4395982e+02
   6.4395084e+02
   6.4394138e+02
   6.4393144e+02
   6.4392102e+02
   6.4391012e+02
   6.4389875e+02
   6.4388690e+02
   6.4387459e+02
   6.4386180e+02
   6.4384855e+02
   6.4383484e+02
   6.4382067e+02
   6.4380604e+02
   6.4379095e+02
   6.4377540e+02
   6.4375941e+02
   6.4374297e+02
   6.4372608e+02
   6.4370875e+02
   6.4369098e+02
   6.4367277e+02
   6.4365412e+02
   6.4363504e+02
   6.4361553e+02
   6.4359560e+02
   6.4357524e+02
   6.4355446e+02
   6.4353327e+02
   6.4351165e+02
   6.4348963e+02
   6.4346720e+02
   6.4344437e+02
   6.4342113e+02
   6.4339749e+02
   6.4337346e+02
   6.4334903e+02
   6.4332422e+02
   6.4329902e+02
   6.4327344e+02
   6.4324748e+02
   6.4322115e+02
   6.4319444e+02
   6.4316737e+02
   6.4313993e+02
   6.4311213e+02
   6.4308397e+02
   6.4305546e+02
   6.4302660e+02
   6.4299739e+02
   6.4296784e+02
   6.4293795e+02
   6.4290773e+02
   6.4287717e+02
   6.4284629e+02
   6.4281508e+02
   6.4278356e+02
   6.4275172e+02
   6.4271956e+02
   6.4268710e+02
   6.4265433e+02
   6.4262127e+02
   6.4258791e+02
   6.4255425e+02
   6.4252031e+02
   6.4248609e+02
   6.4245158e+02
   6.4241680e+02
   6.4238175e+02
   6.4234643e+02
   6.4231085e+02
   6.4227501e+02
   6.4223891e+02
   6.4220256e+02
   6.4216597e+02
   6.4212913e+02
   6.4209206e+02
   6.4205475e+02
   6.4201721e+02
   6.4197944e+02
   6.4194146e+02
   6.4190326e+02
   6.4186484e+02
   6.4182622e+02
   6.4178739e+02
   6.4174836e+02
   6.4170914e+02
   6.4166972e+02
   6.4163012e+02
   6.4159034e+02
   6.4155038e+02
   6.4151024e+02
   6.4146993e+02
   6.4142946e+02
   6.4138883e+02
   6.4134804e+02
   6.4130710e+02
   6.4126601e+02
   6.4122477e+02
   6.4118340e+02
   6.4114189e+02
   6.4110025e+02
   6.4105849e+02
   6.4101660e+02
   6.4097460e+02
   6.4093248e+02
   6.4089025e+02
   6.4084791e+02
   6.4080548e+02
   6.4076295e+02
   6.4072033e+02
   6.4067762e+02
   6.4063482e+02
   6.4059195e+02
   6.4054900e+02
   6.4050598e+02
   6.4046289e+02
   6.4041974e+02
   6.4037654e+02
   6.4033327e+02
   6.4028996e+02
   6.4024660e+02
   6.4020321e+02
   6.4015977e+02
   6.4011630e+02
   6.4007280e+02
   6.4002927e+02
   6.3998573e+02
   6.3994217e+02
   6.3989859e+02
   6.3985501e+02
   6.3981142e+02
   6.3976783e+02
   6.3972424e+02
   6.3968066e+02
   6.3963709e+02
   6.3959353e+02
   6.3955000e+02
   6.3950648e+02
   6.3946300e+02
   6.3941954e+02
   6.3937612e+02
   6.3933273e+02
   6.3928939e+02
   6.3924610e+02
   6.3920285e+02
   6.3915966e+02
   6.3911652e+02
   6.3907344e+02
   6.3903043e+02
   6.3898749e+02
   6.3894461e+02
   6.3890181e+02
   6.3885910e+02
   6.3881646e+02
   6.3877391e+02
   6.3873145e+02
   6.3868908e+02
   6.3864680e+02
   6.3860463e+02
   6.3856256e+02
   6.3852060e+02
   6.3847874e+02
   6.3843700e+02
   6.3839538e+02
   6.3835387e+02
   6.3831249e+02
   6.3827124e+02
   6.3823011e+02
   6.3818912e+02
   6.3814826e+02
   6.3810754e+02
   6.3806697e+02
   6.3802654e+02
   6.3798625e+02
   6.3794612e+02
   6.3790615e+02
   6.3786632e+02
   6.3782666e+02
   6.3778717e+02
   6.3774784e+02
   6.3770867e+02
   6.3766968e+02
   6.3763086e+02
   6.3759222e+02
   6.3755376e+02
   6.3751549e+02
   6.3747740e+02
   6.3743949e+02
   6.3740178e+02
   6.3736426e+02
   6.3732693e+02
   6.3728980e+02
   6.3725288e+02
   6.3721616e+02
   6.3717964e+02
   6.3714333e+02
   6.3710723e+02
   6.3707134e+02
   6.3703567e+02
   6.3700022e+02
   6.3696499e+02
   6.3692998e+02
   6.3689519e+02
   6.3686063e+02
   6.3682630e+02
   6.3679219e+02
   6.3675833e+02
   6.3672469e+02
   6.3669129e+02
   6.3665814e+02
   6.3662522e+02
   6.3659255e+02
   6.3656012e+02
   6.3652793e+02
   6.3649600e+02
   6.3646431e+02
   6.3643288e+02
   6.3640171e+02
   6.3637078e+02
   6.3634012e+02
   6.3630971e+02
   6.3627957e+02
   6.3624969e+02
   6.3622007e+02
   6.3619071e+02
   6.3616163e+02
   6.3613281e+02
   6.3610426e+02
   6.3607599e+02
   6.3604799e+02
   6.3602026e+02
   6.3599281e+02
   6.3596563e+02
   6.3593873e+02
   6.3591212e+02
   6.3588578e+02
   6.3585973e+02
   6.3583396e+02
   6.3580847e+02
   6.3578327e+02
   6.3575836e+02
   6.3573373e+02
   6.3570939e+02
   6.3568535e+02
   6.3566159e+02
   6.3563813e+02
   6.3561496e+02
   6.3559208e+02
   6.3556950e+02
   6.3554721e+02
   6.3552522e+02
   6.3550353e+02
   6.3548214e+02
   6.3546104e+02
   6.3544024e+02
   6.3541975e+02
   6.3539955e+02
   6.3537966e+02
   6.3536007e+02
   6.3534078e+02
   6.3532180e+02
   6.3530312e+02
   6.3528474e+02
   6.3526667e+02
   6.3524891e+02
   6.3523145e+02
   6.3521430e+02
   6.3519745e+02
   6.3518091e+02
   6.3516468e+02
   6.3514876e+02
   6.3513314e+02
   6.3511783e+02
   6.3510284e+02
   6.3508815e+02
   6.3507377e+02
   6.3505970e+02
   6.3504594e+02
   6.3503248e+02
   6.3501934e+02
   6.3500651e+02
   6.3499399e+02
   6.3498178e+02
   6.3496987e+02
   6.3495828e+02
   6.3494700e+02
   6.3493603e+02
   6.3492536e+02
   6.3491501e+02
   6.3490497e+02
   6.3489523e+02
   6.3488581e+02
   6.3487669e+02
   6.3486788e+02
   6.3485939e+02
   6.3485119e+02
   6.3484331e+02
   6.3483574e+02
   6.3482847e+02
   6.3482151e+02
   6.3481486e+02
   6.3480851e+02
   6.3480247e+02
   6.3479674e+02
   6.3479131e+02
   6.3478618e+02
   6.3478136e+02
   6.3477684e+02
   6.3477263e+02
   6.3476872e+02
   6.3476511e+02
   6.3476180e+02
   6.3475879e+02
   6.3475608e+02
   6.3475368e+02
   6.3475157e+02
   6.3474976e+02
   6.3474824e+02
   6.3474703e+02
   6.3474611e+02
   6.3474548e+02
   6.3474516e+02
   6.3474512e+02
   6.3474538e+02
   6.3474593e+02
   6.3474677e+02
   6.3474790e+02
   6.3474932e+02
   6.3475103e+02
   6.3475302e+02
   6.3475531e+02
   6.3475788e+02
   6.3476073e+02
   6.3476387e+02
   6.3476729e+02
   6.3477099e+02
   6.3477498e+02
   6.3477924e+02
   6.3478379e+02
   6.3478861e+02
   6.3479370e+02
   6.3479908e+02
   6.3480472e+02
   6.3481064e+02
   6.3481683e+02
   6.3482330e+02
   6.3483003e+02
   6.3483703e+02
   6.3484430e+02
   6.3485183e+02
   6.3485963e+02
   6.3486769e+02
   6.3487602e+02
   6.3488460e+02
   6.3489345e+02
   6.3490255e+02
   6.3491191e+02
   6.3492153e+02
   6.3493140e+02
   6.3494152e+02
   6.3495189e+02
   6.3496252e+02
   6.3497339e+02
   6.3498451e+02
   6.3499587e+02
   6.3500748e+02
   6.3501933e+02
   6.3503142e+02
   6.3504376e+02
   6.3505633e+02
   6.3506913e+02
   6.3508217e+02
   6.3509545e+02
   6.3510896e+02
   6.3512270e+02
   6.3513666e+02
   6.3515086e+02
   6.3516528e+02
   6.3517992e+02
   6.3519478e+02
   6.3520987e+02
   6.3522517e+02
   6.3524070e+02
   6.3525643e+02
   6.3527239e+02
   6.3528855e+02
   6.3530492e+02
   6.3532151e+02
   6.3533830e+02
   6.3535529e+02
   6.3537249e+02
   6.3538989e+02
   6.3540749e+02
   6.3542529e+02
   6.3544328e+02
   6.3546147e+02
   6.3547985e+02
   6.3549843e+02
   6.3551719e+02
   6.3553614e+02
   6.3555527e+02
   6.3557459e+02
   6.3559408e+02
   6.3561376e+02
   6.3563362e+02
   6.3565365e+02
   6.3567385e+02
   6.3569423e+02
   6.3571478e+02
   6.3573549e+02
   6.3575638e+02
   6.3577742e+02
   6.3579863e+02
   6.3582000e+02
   6.3584152e+02
   6.3586320e+02
   6.3588504e+02
   6.3590703e+02
   6.3592917e+02
   6.3595146e+02
   6.3597389e+02
   6.3599647e+02
   6.3601919e+02
   6.3604205e+02
   6.3606504e+02
   6.3608818e+02
   6.3611144e+02
   6.3613484e+02
   6.3615837e+02
   6.3618203e+02
   6.3620581e+02
   6.3622971e+02
   6.3625374e+02
   6.3627789e+02
   6.3630215e+02
   6.3632653e+02
   6.3635102e+02
   6.3637562e+02
   6.3640033e+02
   6.3642514e+02
   6.3645006e+02
   6.3647509e+02
   6.3650021e+02
   6.3652543e+02
   6.3655074e+02
   6.3657615e+02
   6.3660166e+02
   6.3662725e+02
   6.3665292e+02
   6.3667868e+02
   6.3670453e+02
   6.3673045e+02
   6.3675646e+02
   6.3678254e+02
   6.3680869e+02
   6.3683491e+02
   6.3686121e+02
   6.3688757e+02
   6.3691400e+02
   6.3694049e+02
   6.3696704e+02
   6.3699364e+02
   6.3702031e+02
   6.3704703e+02
   6.3707380e+02
   6.3710062e+02
   6.3712749e+02
   6.3715440e+02
   6.3718135e+02
   6.3720835e+02
   6.3723539e+02
   6.3726246e+02
   6.3728956e+02
   6.3731670e+02
   6.3734387e+02
   6.3737106e+02
   6.3739828e+02
   6.3742552e+02
   6.3745279e+02
   6.3748007e+02
   6.3750737e+02
   6.3753468e+02
   6.3756200e+02
   6.3758934e+02
   6.3761668e+02
   6.3764403e+02
   6.3767138e+02
   6.3769873e+02
   6.3772608e+02
   6.3775342e+02
   6.3778076e+02
   6.3780810e+02
   6.3783542e+02
   6.3786273e+02
   6.3789002e+02
   6.3791730e+02
   6.3794456e+02
   6.3797180e+02
   6.3799902e+02
   6.3802621e+02
   6.3805338e+02
   6.3808051e+02
   6.3810761e+02
   6.3813468e+02
   6.3816171e+02
   6.3818871e+02
   6.3821566e+02
   6.3824257e+02
   6.3826944e+02
   6.3829626e+02
   6.3832303e+02
   6.3834975e+02
   6.3837642e+02
   6.3840304e+02
   6.3842959e+02
   6.3845609e+02
   6.3848252e+02
   6.3850890e+02
   6.3853520e+02
   6.3856144e+02
   6.3858761e+02
   6.3861371e+02
   6.3863974e+02
   6.3866568e+02
   6.3869156e+02
   6.3871735e+02
   6.3874306e+02
   6.3876869e+02
   6.3879423e+02
   6.3881968e+02
   6.3884505e+02
   6.3887032e+02
   6.3889550e+02
   6.3892059e+02
   6.3894558e+02
   6.3897046e+02
   6.3899525e+02
   6.3901994e+02
   6.3904452e+02
   6.3906899e+02
   6.3909336e+02
   6.3911761e+02
   6.3914176e+02
   6.3916579e+02
   6.3918970e+02
   6.3921350e+02
   6.3923717e+02
   6.3926073e+02
   6.3928416e+02
   6.3930747e+02
   6.3933065e+02
   6.3935371e+02
   6.3937663e+02
   6.3939942e+02
   6.3942208e+02
   6.3944461e+02
   6.3946700e+02
   6.3948925e+02
   6.3951136e+02
   6.3953333e+02
   6.3955515e+02
   6.3957683e+02
   6.3959837e+02
   6.3961976e+02
   6.3964099e+02
   6.3966208e+02
   6.3968302e+02
   6.3970380e+02
   6.3972442e+02
   6.3974489e+02
   6.3976520e+02
   6.3978535e+02
   6.3980534e+02
   6.3982517e+02
   6.3984483e+02
   6.3986433e+02
   6.3988366e+02
   6.3990282e+02
   6.3992182e+02
   6.3994064e+02
   6.3995929e+02
   6.3997777e+02
   6.3999607e+02
   6.4001420e+02
   6.4003215e+02
   6.4004992e+02
   6.4006751e+02
   6.4008492e+02
   6.4010215e+02
   6.4011920e+02
   6.4013606e+02
   6.4015273e+02
   6.4016922e+02
   6.4018553e+02
   6.4020164e+02
   6.4021757e+02
   6.4023330e+02
   6.4024884e+02
   6.4026419e+02
   6.4027935e+02
   6.4029431e+02
   6.4030908e+02
   6.4032365e+02
   6.4033802e+02
   6.4035219e+02
   6.4036617e+02
   6.4037995e+02
   6.4039352e+02
   6.4040690e+02
   6.4042007e+02
   6.4043304e+02
   6.4044580e+02
   6.4045836e+02
   6.4047072e+02
   6.4048286e+02
   6.4049481e+02
   6.4050654e+02
   6.4051807e+02
   6.4052939e+02
   6.4054050e+02
   6.4055140e+02
   6.4056209e+02
   6.4057257e+02
   6.4058284e+02
   6.4059290e+02
   6.4060274e+02
   6.4061238e+02
   6.4062180e+02
   6.4063100e+02
   6.4063999e+02
   6.4064877e+02
   6.4065734e+02
   6.4066569e+02
   6.4067382e+02
   6.4068174e+02
   6.4068944e+02
   6.4069693e+02
   6.4070420e+02
   6.4071125e+02
   6.4071809e+02
   6.4072471e+02
   6.4073112e+02
   6.4073731e+02
   6.4074328e+02
   6.4074903e+02
   6.4075457e+02
   6.4075989e+02
   6.4076499e+02
   6.4076988e+02
   6.4077454e+02
   6.4077899e+02
   6.4078323e+02
   6.4078724e+02
   6.4079104e+02
   6.4079462e+02
   6.4079799e+02
   6.4080114e+02
   6.4080407e+02
   6.4080679e+02
   6.4080929e+02
   6.4081157e+02
   6.4081364e+02
   6.4081550e+02
   6.4081714e+02
   6.4081856e+02
   6.4081977e+02
   6.4082077e+02
   6.4082155e+02
   6.4082212e+02
   6.4082247e+02
   6.4082262e+02
   6.4082255e+02
   6.4082227e+02
   6.4082178e+02
   6.4082108e+02
   6.4082017e+02
   6.4081905e+02
   6.4081772e+02
   6.4081619e+02
   6.4081444e+02
   6.4081249e+02
   6.4081034e+02
   6.4080797e+02
   6.4080540e+02
   6.4080263e+02
   6.4079966e+02
   6.4079648e+02
   6.4079310e+02
   6.4078951e+02
   6.4078573e+02
   6.4078175e+02
   6.4077757e+02
   6.4077319e+02
   6.4076861e+02
   6.4076383e+02
   6.4075886e+02
   6.4075370e+02
   6.4074834e+02
   6.4074279e+02
   6.4073705e+02
   6.4073111e+02
   6.4072499e+02
   6.4071868e+02
   6.4071218e+02
   6.4070549e+02
   6.4069862e+02
   6.4069156e+02
   6.4068432e+02
   6.4067689e+02
   6.4066928e+02
   6.4066150e+02
   6.4065353e+02
   6.4064539e+02
   6.4063706e+02
   6.4062857e+02
   6.4061989e+02
   6.4061105e+02
   6.4060203e+02
   6.4059284e+02
   6.4058348e+02
   6.4057395e+02
   6.4056426e+02
   6.4055439e+02
   6.4054437e+02
   6.4053418e+02
   6.4052383e+02
   6.4051331e+02
   6.4050264e+02
   6.4049181e+02
   6.4048082e+02
   6.4046968e+02
   6.4045839e+02
   6.4044694e+02
   6.4043534e+02
   6.4042358e+02
   6.4041169e+02
   6.4039964e+02
   6.4038745e+02
   6.4037511e+02
   6.4036263e+02
   6.4035002e+02
   6.4033726e+02
   6.4032436e+02
   6.4031133e+02
   6.4029816e+02
   6.4028485e+02
   6.4027142e+02
   6.4025785e+02
   6.4024416e+02
   6.4023034e+02
   6.4021639e+02
   6.4020232e+02
   6.4018812e+02
   6.4017381e+02
   6.4015937e+02
   6.4014482e+02
   6.4013015e+02
   6.4011536e+02
   6.4010047e+02
   6.4008546e+02
   6.4007034e+02
   6.4005511e+02
   6.4003978e+02
   6.4002434e+02
   6.4000879e+02
   6.3999315e+02
   6.3997740e+02
   6.3996156e+02
   6.3994562e+02
   6.3992959e+02
   6.3991346e+02
   6.3989724e+02
   6.3988093e+02
   6.3986453e+02
   6.3984805e+02
   6.3983148e+02
   6.3981483e+02
   6.3979809e+02
   6.3978128e+02
   6.3976439e+02
   6.3974742e+02
   6.3973037e+02
   6.3971326e+02
   6.3969607e+02
   6.3967881e+02
   6.3966149e+02
   6.3964410e+02
   6.3962664e+02
   6.3960912e+02
   6.3959154e+02
   6.3957390e+02
   6.3955621e+02
   6.3953846e+02
   6.3952065e+02
   6.3950279e+02
   6.3948488e+02
   6.3946693e+02
   6.3944892e+02
   6.3943087e+02
   6.3941277e+02
   6.3939464e+02
   6.3937646e+02
   6.3935825e+02
   6.3933999e+02
   6.3932170e+02
   6.3930338e+02
   6.3928503e+02
   6.3926665e+02
   6.3924823e+02
   6.3922980e+02
   6.3921133e+02
   6.3919284e+02
   6.3917434e+02
   6.3915581e+02
   6.3913726e+02
   6.3911870e+02
   6.3910012e+02
   6.3908152e+02
   6.3906292e+02
   6.3904431e+02
   6.3902568e+02
   6.3900706e+02
   6.3898842e+02
   6.3896978e+02
   6.3895115e+02
   6.3893251e+02
   6.3891387e+02
   6.3889523e+02
   6.3887660e+02
   6.3885798e+02
   6.3883936e+02
   6.3882076e+02
   6.3880216e+02
   6.3878358e+02
   6.3876501e+02
   6.3874646e+02
   6.3872793e+02
   6.3870941e+02
   6.3869092e+02
   6.3867244e+02
   6.3865399e+02
   6.3863557e+02
   6.3861717e+02
   6.3859880e+02
   6.3858046e+02
   6.3856215e+02
   6.3854388e+02
   6.3852563e+02
   6.3850743e+02
   6.3848926e+02
   6.3847113e+02
   6.3845304e+02
   6.3843499e+02
   6.3841698e+02
   6.3839902e+02
   6.3838110e+02
   6.3836324e+02
   6.3834542e+02
   6.3832764e+02
   6.3830993e+02
   6.3829226e+02
   6.3827465e+02
   6.3825709e+02
   6.3823959e+02
   6.3822215e+02
   6.3820477e+02
   6.3818745e+02
   6.3817019e+02
   6.3815299e+02
   6.3813586e+02
   6.3811879e+02
   6.3810179e+02
   6.3808486e+02
   6.3806800e+02
   6.3805122e+02
   6.3803450e+02
   6.3801786e+02
   6.3800129e+02
   6.3798479e+02
   6.3796838e+02
   6.3795204e+02
   6.3793578e+02
   6.3791960e+02
   6.3790351e+02
   6.3788749e+02
   6.3787156e+02
   6.3785572e+02
   6.3783996e+02
   6.3782429e+02
   6.3780871e+02
   6.3779321e+02
   6.3777781e+02
   6.3776250e+02
   6.3774728e+02
   6.3773215e+02
   6.3771712e+02
   6.3770219e+02
   6.3768735e+02
   6.3767261e+02
   6.3765796e+02
   6.3764342e+02
   6.3762898e+02
   6.3761464e+02
   6.3760040e+02
   6.3758626e+02
   6.3757223e+02
   6.3755830e+02
   6.3754448e+02
   6.3753076e+02
   6.3751715e+02
   6.3750365e+02
   6.3749026e+02
   6.3747698e+02
   6.3746381e+02
   6.3745075e+02
   6.3743781e+02
   6.3742498e+02
   6.3741226e+02
   6.3739965e+02
   6.3738716e+02
   6.3737479e+02
   6.3736254e+02
   6.3735040e+02
   6.3733838e+02
   6.3732647e+02
   6.3731469e+02
   6.3730303e+02
   6.3729149e+02
   6.3728007e+02
   6.3726877e+02
   6.3725760e+02
   6.3724654e+02
   6.3723561e+02
   6.3722481e+02
   6.3721413e+02
   6.3720358e+02
   6.3719315e+02
   6.3718285e+02
   6.3717267e+02
   6.3716262e+02
   6.3715270e+02
   6.3714291e+02
   6.3713325e+02
   6.3712372e+02
   6.3711431e+02
   6.3710504e+02
   6.3709590e+02
   6.3708689e+02
   6.3707801e+02
   6.3706926e+02
   6.3706064e+02
   6.3705216e+02
   6.3704380e+02
   6.3703559e+02
   6.3702750e+02
   6.3701955e+02
   6.3701173e+02
   6.3700405e+02
   6.3699650e+02
   6.3698908e+02
   6.3698180e+02
   6.3697466e+02
   6.3696765e+02
   6.3696078e+02
   6.3695404e+02
   6.3694744e+02
   6.3694098e+02
   6.3693465e+02
   6.3692845e+02
   6.3692240e+02
   6.3691648e+02
   6.3691070e+02
   6.3690505e+02
   6.3689955e+02
   6.3689417e+02
   6.3688894e+02
   6.3688385e+02
   6.3687889e+02
   6.3687407e+02
   6.3686938e+02
   6.3686483e+02
   6.3686043e+02
   6.3685615e+02
   6.3685202e+02
   6.3684802e+02
   6.3684416e+02
   6.3684044e+02
   6.3683686e+02
   6.3683341e+02
   6.3683010e+02
   6.3682692e+02
   6.3682389e+02
   6.3682099e+02
   6.3681822e+02
   6.3681560e+02
   6.3681311e+02
   6.3681075e+02
   6.3680853e+02
   6.3680645e+02
   6.3680450e+02
   6.3680269e+02
   6.3680102e+02
   6.3679948e+02
   6.3679807e+02
   6.3679680e+02
   6.3679566e+02
   6.3679466e+02
   6.3679379e+02
   6.3679305e+02
   6.3679245e+02
   6.3679198e+02
   6.3679165e+02
   6.3679144e+02
   6.3679137e+02
   6.3679143e+02
   6.3679162e+02
   6.3679194e+02
   6.3679240e+02
   6.3679298e+02
   6.3679369e+02
   6.3679453e+02
   6.3679551e+02
   6.3679661e+02
   6.3679784e+02
   6.3679919e+02
   6.3680068e+02
   6.3680229e+02
   6.3680402e+02
   6.3680589e+02
   6.3680788e+02
   6.3680999e+02
   6.3681223e+02
   6.3681460e+02
   6.3681708e+02
   6.3681969e+02
   6.3682243e+02
   6.3682528e+02
   6.3682826e+02
   6.3683136e+02
   6.3683457e+02
   6.3683791e+02
   6.3684137e+02
   6.3684495e+02
   6.3684864e+02
   6.3685245e+02
   6.3685638e+02
   6.3686043e+02
   6.3686459e+02
   6.3686887e+02
   6.3687326e+02
   6.3687776e+02
   6.3688238e+02
   6.3688711e+02
   6.3689196e+02
   6.3689691e+02
   6.3690198e+02
   6.3690715e+02
   6.3691244e+02
   6.3691783e+02
   6.3692333e+02
   6.3692894e+02
   6.3693466e+02
   6.3694048e+02
   6.3694640e+02
   6.3695243e+02
   6.3695857e+02
   6.3696480e+02
   6.3697114e+02
   6.3697758e+02
   6.3698412e+02
   6.3699076e+02
   6.3699750e+02
   6.3700434e+02
   6.3701127e+02
   6.3701830e+02
   6.3702543e+02
   6.3703266e+02
   6.3703997e+02
   6.3704738e+02
   6.3705489e+02
   6.3706248e+02
   6.3707017e+02
   6.3707794e+02
   6.3708581e+02
   6.3709376e+02
   6.3710180e+02
   6.3710993e+02
   6.3711815e+02
   6.3712645e+02
   6.3713483e+02
   6.3714330e+02
   6.3715184e+02
   6.3716048e+02
   6.3716919e+02
   6.3717798e+02
   6.3718685e+02
   6.3719580e+02
   6.3720482e+02
   6.3721392e+02
   6.3722310e+02
   6.3723235e+02
   6.3724167e+02
   6.3725107e+02
   6.3726054e+02
   6.3727008e+02
   6.3727969e+02
   6.3728936e+02
   6.3729911e+02
   6.3730892e+02
   6.3731880e+02
   6.3732874e+02
   6.3733875e+02
   6.3734882e+02
   6.3735895e+02
   6.3736914e+02
   6.3737940e+02
   6.3738971e+02
   6.3740008e+02
   6.3741051e+02
   6.3742099e+02
   6.3743153e+02
   6.3744213e+02
   6.3745277e+02
   6.3746347e+02
   6.3747423e+02
   6.3748503e+02
   6.3749588e+02
   6.3750678e+02
   6.3751772e+02
   6.3752872e+02
   6.3753976e+02
   6.3755084e+02
   6.3756196e+02
   6.3757313e+02
   6.3758434e+02
   6.3759559e+02
   6.3760688e+02
   6.3761821e+02
   6.3762958e+02
   6.3764098e+02
   6.3765242e+02
   6.3766389e+02
   6.3767539e+02
   6.3768693e+02
   6.3769850e+02
   6.3771010e+02
   6.3772173e+02
   6.3773338e+02
   6.3774507e+02
   6.3775678e+02
   6.3776851e+02
   6.3778027e+02
   6.3779205e+02
   6.3780386e+02
   6.3781569e+02
   6.3782753e+02
   6.3783940e+02
   6.3785128e+02
   6.3786318e+02
   6.3787510e+02
   6.3788703e+02
   6.3789897e+02
   6.3791093e+02
   6.3792290e+02
   6.3793488e+02
   6.3794687e+02
   6.3795888e+02
   6.3797088e+02
   6.3798290e+02
   6.3799492e+02
   6.3800695e+02
   6.3801898e+02
   6.3803101e+02
   6.3804305e+02
   6.3805508e+02
   6.3806712e+02
   6.3807915e+02
   6.3809119e+02
   6.3810322e+02
   6.3811524e+02
   6.3812727e+02
   6.3813928e+02
   6.3815129e+02
   6.3816329e+02
   6.3817528e+02
   6.3818726e+02
   6.3819924e+02
   6.3821120e+02
   6.3822314e+02
   6.3823507e+02
   6.3824699e+02
   6.3825890e+02
   6.3827078e+02
   6.3828265e+02
   6.3829450e+02
   6.3830633e+02
   6.3831814e+02
   6.3832993e+02
   6.3834170e+02
   6.3835344e+02
   6.3836516e+02
   6.3837686e+02
   6.3838852e+02
   6.3840017e+02
   6.3841178e+02
   6.3842337e+02
   6.3843492e+02
   6.3844645e+02
   6.3845794e+02
   6.3846940e+02
   6.3848083e+02
   6.3849223e+02
   6.3850359e+02
   6.3851491e+02
   6.3852620e+02
   6.3853745e+02
   6.3854866e+02
   6.3855983e+02
   6.3857096e+02
   6.3858205e+02
   6.3859310e+02
   6.3860411e+02
   6.3861507e+02
   6.3862599e+02
   6.3863687e+02
   6.3864769e+02
   6.3865848e+02
   6.3866921e+02
   6.3867990e+02
   6.3869053e+02
   6.3870112e+02
   6.3871166e+02
   6.3872214e+02
   6.3873257e+02
   6.3874295e+02
   6.3875328e+02
   6.3876355e+02
   6.3877377e+02
   6.3878393e+02
   6.3879403e+02
   6.3880408e+02
   6.3881406e+02
   6.3882399e+02
   6.3883386e+02
   6.3884367e+02
   6.3885342e+02
   6.3886311e+02
   6.3887273e+02
   6.3888229e+02
   6.3889179e+02
   6.3890122e+02
   6.3891059e+02
   6.3891989e+02
   6.3892913e+02
   6.3893829e+02
   6.3894740e+02
   6.3895643e+02
   6.3896539e+02
   6.3897429e+02
   6.3898311e+02
   6.3899187e+02
   6.3900055e+02
   6.3900916e+02
   6.3901770e+02
   6.3902616e+02
   6.3903455e+02
   6.3904287e+02
   6.3905111e+02
   6.3905928e+02
   6.3906737e+02
   6.3907539e+02
   6.3908333e+02
   6.3909119e+02
   6.3909897e+02
   6.3910668e+02
   6.3911431e+02
   6.3912185e+02
   6.3912932e+02
   6.3913671e+02
   6.3914402e+02
   6.3915124e+02
   6.3915839e+02
   6.3916545e+02
   6.3917243e+02
   6.3917933e+02
   6.3918614e+02
   6.3919287e+02
   6.3919952e+02
   6.3920608e+02
   6.3921256e+02
   6.3921895e+02
   6.3922526e+02
   6.3923148e+02
   6.3923762e+02
   6.3924367e+02
   6.3924963e+02
   6.3925550e+02
   6.3926129e+02
   6.3926699e+02
   6.3927260e+02
   6.3927812e+02
   6.3928356e+02
   6.3928890e+02
   6.3929416e+02
   6.3929932e+02
   6.3930440e+02
   6.3930939e+02
   6.3931429e+02
   6.3931909e+02
   6.3932381e+02
   6.3932843e+02
   6.3933297e+02
   6.3933741e+02
   6.3934176e+02
   6.3934602e+02
   6.3935019e+02
   6.3935427e+02
   6.3935825e+02
   6.3936215e+02
   6.3936595e+02
   6.3936966e+02
   6.3937327e+02
   6.3937680e+02
   6.3938023e+02
   6.3938356e+02
   6.3938681e+02
   6.3938996e+02
   6.3939302e+02
   6.3939599e+02
   6.3939886e+02
   6.3940164e+02
   6.3940432e+02
   6.3940692e+02
   6.3940942e+02
   6.3941183e+02
   6.3941414e+02
   6.3941636e+02
   6.3941849e+02
   6.3942052e+02
   6.3942246e+02
   6.3942431e+02
   6.3942607e+02
   6.3942773e+02
   6.3942930e+02
   6.3943078e+02
   6.3943216e+02
   6.3943345e+02
   6.3943465e+02
   6.3943576e+02
   6.3943677e+02
   6.3943769e+02
   6.3943852e+02
   6.3943926e+02
   6.3943991e+02
   6.3944046e+02
   6.3944092e+02
   6.3944130e+02
   6.3944158e+02
   6.3944177e+02
   6.3944187e+02
   6.3944187e+02
   6.3944179e+02
   6.3944162e+02
   6.3944136e+02
   6.3944101e+02
   6.3944057e+02
   6.3944004e+02
   6.3943942e+02
   6.3943871e+02
   6.3943792e+02
   6.3943703e+02
   6.3943606e+02
   6.3943500e+02
   6.3943385e+02
   6.3943262e+02
   6.3943130e+02
   6.3942990e+02
   6.3942840e+02
   6.3942682e+02
   6.3942516e+02
   6.3942341e+02
   6.3942158e+02
   6.3941966e+02
   6.3941766e+02
   6.3941558e+02
   6.3941341e+02
   6.3941116e+02
   6.3940883e+02
   6.3940641e+02
   6.3940392e+02
   6.3940134e+02
   6.3939868e+02
   6.3939594e+02
   6.3939312e+02
   6.3939023e+02
   6.3938725e+02
   6.3938419e+02
   6.3938106e+02
   6.3937785e+02
   6.3937456e+02
   6.3937119e+02
   6.3936775e+02
   6.3936424e+02
   6.3936064e+02
   6.3935698e+02
   6.3935323e+02
   6.3934942e+02
   6.3934553e+02
   6.3934157e+02
   6.3933753e+02
   6.3933343e+02
   6.3932925e+02
   6.3932500e+02
   6.3932069e+02
   6.3931630e+02
   6.3931184e+02
   6.3930732e+02
   6.3930273e+02
   6.3929807e+02
   6.3929334e+02
   6.3928855e+02
   6.3928369e+02
   6.3927876e+02
   6.3927377e+02
   6.3926872e+02
   6.3926361e+02
   6.3925843e+02
   6.3925319e+02
   6.3924789e+02
   6.3924252e+02
   6.3923710e+02
   6.3923162e+02
   6.3922608e+02
   6.3922048e+02
   6.3921482e+02
   6.3920910e+02
   6.3920333e+02
   6.3919750e+02
   6.3919162e+02
   6.3918568e+02
   6.3917969e+02
   6.3917365e+02
   6.3916755e+02
   6.3916140e+02
   6.3915520e+02
   6.3914895e+02
   6.3914265e+02
   6.3913630e+02
   6.3912990e+02
   6.3912345e+02
   6.3911696e+02
   6.3911041e+02
   6.3910383e+02
   6.3909719e+02
   6.3909052e+02
   6.3908380e+02
   6.3907703e+02
   6.3907023e+02
   6.3906338e+02
   6.3905649e+02
   6.3904956e+02
   6.3904259e+02
   6.3903558e+02
   6.3902853e+02
   6.3902145e+02
   6.3901433e+02
   6.3900717e+02
   6.3899997e+02
   6.3899275e+02
   6.3898548e+02
   6.3897819e+02
   6.3897086e+02
   6.3896350e+02
   6.3895611e+02
   6.3894869e+02
   6.3894124e+02
   6.3893375e+02
   6.3892625e+02
   6.3891871e+02
   6.3891114e+02
   6.3890355e+02
   6.3889594e+02
   6.3888830e+02
   6.3888063e+02
   6.3887295e+02
   6.3886524e+02
   6.3885751e+02
   6.3884975e+02
   6.3884198e+02
   6.3883418e+02
   6.3882637e+02
   6.3881854e+02
   6.3881069e+02
   6.3880283e+02
   6.3879495e+02
   6.3878705e+02
   6.3877914e+02
   6.3877121e+02
   6.3876328e+02
   6.3875532e+02
   6.3874736e+02
   6.3873939e+02
   6.3873140e+02
   6.3872341e+02
   6.3871541e+02
   6.3870739e+02
   6.3869938e+02
   6.3869135e+02
   6.3868332e+02
   6.3867528e+02
   6.3866724e+02
   6.3865919e+02
   6.3865114e+02
   6.3864309e+02
   6.3863503e+02
   6.3862698e+02
   6.3861892e+02
   6.3861087e+02
   6.3860281e+02
   6.3859476e+02
   6.3858671e+02
   6.3857866e+02
   6.3857061e+02
   6.3856257e+02
   6.3855454e+02
   6.3854651e+02
   6.3853848e+02
   6.3853046e+02
   6.3852245e+02
   6.3851445e+02
   6.3850646e+02
   6.3849848e+02
   6.3849050e+02
   6.3848254e+02
   6.3847459e+02
   6.3846665e+02
   6.3845873e+02
   6.3845082e+02
   6.3844292e+02
   6.3843503e+02
   6.3842717e+02
   6.3841931e+02
   6.3841148e+02
   6.3840366e+02
   6.3839586e+02
   6.3838808e+02
   6.3838032e+02
   6.3837257e+02
   6.3836485e+02
   6.3835715e+02
   6.3834947e+02
   6.3834181e+02
   6.3833417e+02
   6.3832656e+02
   6.3831897e+02
   6.3831141e+02
   6.3830387e+02
   6.3829636e+02
   6.3828887e+02
   6.3828141e+02
   6.3827398e+02
   6.3826657e+02
   6.3825919e+02
   6.3825185e+02
   6.3824453e+02
   6.3823724e+02
   6.3822998e+02
   6.3822276e+02
   6.3821556e+02
   6.3820840e+02
   6.3820127e+02
   6.3819417e+02
   6.3818711e+02
   6.3818008e+02
   6.3817309e+02
   6.3816613e+02
   6.3815920e+02
   6.3815232e+02
   6.3814547e+02
   6.3813865e+02
   6.3813188e+02
   6.3812514e+02
   6.3811844e+02
   6.3811178e+02
   6.3810516e+02
   6.3809858e+02
   6.3809205e+02
   6.3808555e+02
   6.3807909e+02
   6.3807267e+02
   6.3806630e+02
   6.3805997e+02
   6.3805368e+02
   6.3804744e+02
   6.3804124e+02
   6.3803509e+02
   6.3802897e+02
   6.3802291e+02
   6.3801689e+02
   6.3801091e+02
   6.3800499e+02
   6.3799911e+02
   6.3799327e+02
   6.3798748e+02
   6.3798175e+02
   6.3797605e+02
   6.3797041e+02
   6.3796482e+02
   6.3795927e+02
   6.3795378e+02
   6.3794833e+02
   6.3794294e+02
   6.3793759e+02
   6.3793230e+02
   6.3792706e+02
   6.3792187e+02
   6.3791673e+02
   6.3791164e+02
   6.3790660e+02
   6.3790162e+02
   6.3789669e+02
   6.3789182e+02
   6.3788699e+02
   6.3788222e+02
   6.3787751e+02
   6.3787285e+02
   6.3786824e+02
   6.3786369e+02
   6.3785919e+02
   6.3785475e+02
   6.3785036e+02
   6.3784603e+02
   6.3784176e+02
   6.3783754e+02
   6.3783338e+02
   6.3782927e+02
   6.3782522e+02
   6.3782123e+02
   6.3781730e+02
   6.3781342e+02
   6.3780960e+02
   6.3780583e+02
   6.3780213e+02
   6.3779848e+02
   6.3779489e+02
   6.3779136e+02
   6.3778789e+02
   6.3778447e+02
   6.3778112e+02
   6.3777782e+02
   6.3777459e+02
   6.3777141e+02
   6.3776829e+02
   6.3776523e+02
   6.3776223e+02
   6.3775929e+02
   6.3775640e+02
   6.3775358e+02
   6.3775082e+02
   6.3774812e+02
   6.3774547e+02
   6.3774289e+02
   6.3774037e+02
   6.3773791e+02
   6.3773550e+02
   6.3773316e+02
   6.3773088e+02
   6.3772866e+02
   6.3772650e+02
   6.3772439e+02
   6.3772235e+02
   6.3772037e+02
   6.3771845e+02
   6.3771659e+02
   6.3771479e+02
   6.3771305e+02
   6.3771138e+02
   6.3770976e+02
   6.3770820e+02
   6.3770670e+02
   6.3770526e+02
   6.3770389e+02
   6.3770257e+02
   6.3770131e+02
   6.3770012e+02
   6.3769898e+02
   6.3769791e+02
   6.3769689e+02
   6.3769593e+02
   6.3769504e+02
   6.3769420e+02
   6.3769342e+02
   6.3769270e+02
   6.3769205e+02
   6.3769145e+02
   6.3769091e+02
   6.3769043e+02
   6.3769001e+02
   6.3768964e+02
   6.3768934e+02
   6.3768910e+02
   6.3768891e+02
   6.3768878e+02
   6.3768871e+02
   6.3768870e+02
   6.3768875e+02
   6.3768886e+02
   6.3768902e+02
   6.3768924e+02
   6.3768952e+02
   6.3768985e+02
   6.3769025e+02
   6.3769070e+02
   6.3769120e+02
   6.3769176e+02
   6.3769238e+02
   6.3769306e+02
   6.3769379e+02
   6.3769458e+02
   6.3769542e+02
   6.3769632e+02
   6.3769727e+02
   6.3769828e+02
   6.3769935e+02
   6.3770046e+02
   6.3770164e+02
   6.3770286e+02
   6.3770414e+02
   6.3770548e+02
   6.3770687e+02
   6.3770831e+02
   6.3770980e+02
   6.3771135e+02
   6.3771294e+02
   6.3771460e+02
   6.3771630e+02
   6.3771805e+02
   6.3771986e+02
   6.3772171e+02
   6.3772362e+02
   6.3772558e+02
   6.3772759e+02
   6.3772965e+02
   6.3773175e+02
   6.3773391e+02
   6.3773612e+02
   6.3773837e+02
   6.3774067e+02
   6.3774303e+02
   6.3774542e+02
   6.3774787e+02
   6.3775036e+02
   6.3775291e+02
   6.3775549e+02
   6.3775813e+02
   6.3776081e+02
   6.3776353e+02
   6.3776630e+02
   6.3776912e+02
   6.3777198e+02
   6.3777488e+02
   6.3777783e+02
   6.3778082e+02
   6.3778385e+02
   6.3778693e+02
   6.3779005e+02
   6.3779321e+02
   6.3779642e+02
   6.3779966e+02
   6.3780295e+02
   6.3780627e+02
   6.3780964e+02
   6.3781305e+02
   6.3781649e+02
   6.3781998e+02
   6.3782350e+02
   6.3782706e+02
   6.3783066e+02
   6.3783430e+02
   6.3783798e+02
   6.3784169e+02
   6.3784544e+02
   6.3784922e+02
   6.3785304e+02
   6.3785690e+02
   6.3786079e+02
   6.3786471e+02
   6.3786867e+02
   6.3787266e+02
   6.3787669e+02
   6.3788074e+02
   6.3788484e+02
   6.3788896e+02
   6.3789311e+02
   6.3789730e+02
   6.3790151e+02
   6.3790576e+02
   6.3791003e+02
   6.3791434e+02
   6.3791867e+02
   6.3792304e+02
   6.3792743e+02
   6.3793184e+02
   6.3793629e+02
   6.3794076e+02
   6.3794526e+02
   6.3794979e+02
   6.3795434e+02
   6.3795891e+02
   6.3796351e+02
   6.3796814e+02
   6.3797279e+02
   6.3797746e+02
   6.3798215e+02
   6.3798687e+02
   6.3799161e+02
   6.3799637e+02
   6.3800115e+02
   6.3800595e+02
   6.3801078e+02
   6.3801562e+02
   6.3802048e+02
   6.3802536e+02
   6.3803026e+02
   6.3803518e+02
   6.3804011e+02
   6.3804507e+02
   6.3805003e+02
   6.3805502e+02
   6.3806002e+02
   6.3806503e+02
   6.3807007e+02
   6.3807511e+02
   6.3808017e+02
   6.3808524e+02
   6.3809033e+02
   6.3809542e+02
   6.3810053e+02
   6.3810566e+02
   6.3811079e+02
   6.3811593e+02
   6.3812109e+02
   6.3812625e+02
   6.3813142e+02
   6.3813661e+02
   6.3814180e+02
   6.3814699e+02
   6.3815220e+02
   6.3815741e+02
   6.3816263e+02
   6.3816786e+02
   6.3817309e+02
   6.3817833e+02
   6.3818357e+02
   6.3818882e+02
   6.3819407e+02
   6.3819932e+02
   6.3820458e+02
   6.3820984e+02
   6.3821510e+02
   6.3822037e+02
   6.3822563e+02
   6.3823090e+02
   6.3823617e+02
   6.3824143e+02
   6.3824670e+02
   6.3825196e+02
   6.3825723e+02
   6.3826249e+02
   6.3826775e+02
   6.3827301e+02
   6.3827826e+02
   6.3828351e+02
   6.3828876e+02
   6.3829400e+02
   6.3829924e+02
   6.3830447e+02
   6.3830970e+02
   6.3831492e+02
   6.3832014e+02
   6.3832534e+02
   6.3833054e+02
   6.3833574e+02
   6.3834092e+02
   6.3834610e+02
   6.3835126e+02
   6.3835642e+02
   6.3836157e+02
   6.3836671e+02
   6.3837183e+02
   6.3837695e+02
   6.3838205e+02
   6.3838715e+02
   6.3839223e+02
   6.3839730e+02
   6.3840235e+02
   6.3840739e+02
   6.3841242e+02
   6.3841743e+02
   6.3842243e+02
   6.3842742e+02
   6.3843238e+02
   6.3843734e+02
   6.3844227e+02
   6.3844719e+02
   6.3845210e+02
   6.3845698e+02
   6.3846185e+02
   6.3846670e+02
   6.3847153e+02
   6.3847635e+02
   6.3848114e+02
   6.3848592e+02
   6.3849067e+02
   6.3849541e+02
   6.3850012e+02
   6.3850481e+02
   6.3850949e+02
   6.3851414e+02
   6.3851877e+02
   6.3852337e+02
   6.3852796e+02
   6.3853252e+02
   6.3853706e+02
   6.3854157e+02
   6.3854606e+02
   6.3855053e+02
   6.3855497e+02
   6.3855939e+02
   6.3856378e+02
   6.3856815e+02
   6.3857249e+02
   6.3857680e+02
   6.3858109e+02
   6.3858535e+02
   6.3858959e+02
   6.3859379e+02
   6.3859797e+02
   6.3860213e+02
   6.3860625e+02
   6.3861035e+02
   6.3861441e+02
   6.3861845e+02
   6.3862246e+02
   6.3862644e+02
   6.3863039e+02
   6.3863431e+02
   6.3863819e+02
   6.3864205e+02
   6.3864588e+02
   6.3864968e+02
   6.3865344e+02
   6.3865717e+02
   6.3866088e+02
   6.3866455e+02
   6.3866818e+02
   6.3867179e+02
   6.3867536e+02
   6.3867890e+02
   6.3868240e+02
   6.3868588e+02
   6.3868931e+02
   6.3869272e+02
   6.3869609e+02
   6.3869942e+02
   6.3870273e+02
   6.3870599e+02
   6.3870923e+02
   6.3871242e+02
   6.3871558e+02
   6.3871871e+02
   6.3872180e+02
   6.3872486e+02
   6.3872788e+02
   6.3873086e+02
   6.3873380e+02
   6.3873671e+02
   6.3873959e+02
   6.3874242e+02
   6.3874522e+02
   6.3874799e+02
   6.3875071e+02
   6.3875340e+02
   6.3875605e+02
   6.3875866e+02
   6.3876124e+02
   6.3876377e+02
   6.3876627e+02
   6.3876873e+02
   6.3877115e+02
   6.3877354e+02
   6.3877588e+02
   6.3877819e+02
   6.3878045e+02
   6.3878268e+02
   6.3878487e+02
   6.3878702e+02
   6.3878913e+02
   6.3879121e+02
   6.3879324e+02
   6.3879523e+02
   6.3879719e+02
   6.3879910e+02
   6.3880097e+02
   6.3880281e+02
   6.3880460e+02
   6.3880636e+02
   6.3880807e+02
   6.3880975e+02
   6.3881138e+02
   6.3881298e+02
   6.3881453e+02
   6.3881605e+02
   6.3881752e+02
   6.3881896e+02
   6.3882035e+02
   6.3882171e+02
   6.3882302e+02
   6.3882429e+02
   6.3882553e+02
   6.3882672e+02
   6.3882787e+02
   6.3882899e+02
   6.3883006e+02
   6.3883109e+02
   6.3883208e+02
   6.3883303e+02
   6.3883394e+02
   6.3883481e+02
   6.3883564e+02
   6.3883643e+02
   6.3883718e+02
   6.3883789e+02
   6.3883856e+02
   6.3883919e+02
   6.3883978e+02
   6.3884033e+02
   6.3884084e+02
   6.3884131e+02
   6.3884174e+02
   6.3884213e+02
   6.3884248e+02
   6.3884279e+02
   6.3884306e+02
   6.3884329e+02
   6.3884348e+02
   6.3884363e+02
   6.3884375e+02
   6.3884382e+02
   6.3884385e+02
   6.3884385e+02
   6.3884381e+02
   6.3884372e+02
   6.3884360e+02
   6.3884344e+02
   6.3884325e+02
   6.3884301e+02
   6.3884273e+02
   6.3884242e+02
   6.3884207e+02
   6.3884168e+02
   6.3884125e+02
   6.3884079e+02
   6.3884028e+02
   6.3883974e+02
   6.3883917e+02
   6.3883855e+02
   6.3883790e+02
   6.3883721e+02
   6.3883649e+02
   6.3883572e+02
   6.3883492e+02
   6.3883409e+02
   6.3883322e+02
   6.3883231e+02
   6.3883137e+02
   6.3883039e+02
   6.3882938e+02
   6.3882833e+02
   6.3882724e+02
   6.3882612e+02
   6.3882497e+02
   6.3882378e+02
   6.3882256e+02
   6.3882130e+02
   6.3882001e+02
   6.3881868e+02
   6.3881732e+02
   6.3881593e+02
   6.3881450e+02
   6.3881304e+02
   6.3881155e+02
   6.3881003e+02
   6.3880847e+02
   6.3880688e+02
   6.3880526e+02
   6.3880360e+02
   6.3880192e+02
   6.3880020e+02
   6.3879846e+02
   6.3879668e+02
   6.3879487e+02
   6.3879303e+02
   6.3879116e+02
   6.3878926e+02
   6.3878733e+02
   6.3878537e+02
   6.3878338e+02
   6.3878137e+02
   6.3877932e+02
   6.3877724e+02
   6.3877514e+02
   6.3877301e+02
   6.3877085e+02
   6.3876866e+02
   6.3876645e+02
   6.3876421e+02
   6.3876194e+02
   6.3875965e+02
   6.3875732e+02
   6.3875498e+02
   6.3875260e+02
   6.3875021e+02
   6.3874778e+02
   6.3874533e+02
   6.3874286e+02
   6.3874036e+02
   6.3873784e+02
   6.3873530e+02
   6.3873273e+02
   6.3873013e+02
   6.3872752e+02
   6.3872488e+02
   6.3872222e+02
   6.3871954e+02
   6.3871683e+02
   6.3871410e+02
   6.3871136e+02
   6.3870859e+02
   6.3870580e+02
   6.3870299e+02
   6.3870015e+02
   6.3869730e+02
   6.3869443e+02
   6.3869154e+02
   6.3868863e+02
   6.3868571e+02
   6.3868276e+02
   6.3867980e+02
   6.3867681e+02
   6.3867381e+02
   6.3867080e+02
   6.3866776e+02
   6.3866471e+02
   6.3866165e+02
   6.3865856e+02
   6.3865546e+02
   6.3865235e+02
   6.3864922e+02
   6.3864608e+02
   6.3864292e+02
   6.3863974e+02
   6.3863656e+02
   6.3863336e+02
   6.3863014e+02
   6.3862692e+02
   6.3862368e+02
   6.3862042e+02
   6.3861716e+02
   6.3861388e+02
   6.3861059e+02
   6.3860730e+02
   6.3860399e+02
   6.3860067e+02
   6.3859734e+02
   6.3859399e+02
   6.3859064e+02
   6.3858728e+02
   6.3858392e+02
   6.3858054e+02
   6.3857715e+02
   6.3857376e+02
   6.3857036e+02
   6.3856695e+02
   6.3856353e+02
   6.3856011e+02
   6.3855668e+02
   6.3855324e+02
   6.3854980e+02
   6.3854635e+02
   6.3854290e+02
   6.3853944e+02
   6.3853598e+02
   6.3853251e+02
   6.3852904e+02
   6.3852557e+02
   6.3852209e+02
   6.3851861e+02
   6.3851512e+02
   6.3851163e+02
   6.3850814e+02
   6.3850465e+02
   6.3850116e+02
   6.3849767e+02
   6.3849417e+02
   6.3849067e+02
   6.3848718e+02
   6.3848368e+02
   6.3848018e+02
   6.3847669e+02
   6.3847319e+02
   6.3846969e+02
   6.3846620e+02
   6.3846271e+02
   6.3845922e+02
   6.3845573e+02
   6.3845224e+02
   6.3844876e+02
   6.3844528e+02
   6.3844180e+02
   6.3843833e+02
   6.3843486e+02
   6.3843140e+02
   6.3842794e+02
   6.3842448e+02
   6.3842103e+02
   6.3841758e+02
   6.3841415e+02
   6.3841071e+02
   6.3840728e+02
   6.3840386e+02
   6.3840045e+02
   6.3839704e+02
   6.3839364e+02
   6.3839024e+02
   6.3838686e+02
   6.3838348e+02
   6.3838011e+02
   6.3837675e+02
   6.3837340e+02
   6.3837006e+02
   6.3836672e+02
   6.3836340e+02
   6.3836009e+02
   6.3835678e+02
   6.3835349e+02
   6.3835021e+02
   6.3834693e+02
   6.3834367e+02
   6.3834042e+02
   6.3833719e+02
   6.3833396e+02
   6.3833075e+02
   6.3832754e+02
   6.3832436e+02
   6.3832118e+02
   6.3831802e+02
   6.3831487e+02
   6.3831173e+02
   6.3830861e+02
   6.3830550e+02
   6.3830240e+02
   6.3829932e+02
   6.3829626e+02
   6.3829321e+02
   6.3829017e+02
   6.3828715e+02
   6.3828415e+02
   6.3828116e+02
   6.3827819e+02
   6.3827523e+02
   6.3827229e+02
   6.3826937e+02
   6.3826646e+02
   6.3826357e+02
   6.3826070e+02
   6.3825784e+02
   6.3825500e+02
   6.3825218e+02
   6.3824938e+02
   6.3824660e+02
   6.3824383e+02
   6.3824109e+02
   6.3823836e+02
   6.3823565e+02
   6.3823296e+02
   6.3823029e+02
   6.3822764e+02
   6.3822501e+02
   6.3822239e+02
   6.3821980e+02
   6.3821723e+02
   6.3821468e+02
   6.3821215e+02
   6.3820964e+02
   6.3820715e+02
   6.3820468e+02
   6.3820223e+02
   6.3819981e+02
   6.3819740e+02
   6.3819502e+02
   6.3819266e+02
   6.3819032e+02
   6.3818800e+02
   6.3818570e+02
   6.3818343e+02
   6.3818118e+02
   6.3817895e+02
   6.3817674e+02
   6.3817456e+02
   6.3817240e+02
   6.3817026e+02
   6.3816815e+02
   6.3816606e+02
   6.3816399e+02
   6.3816195e+02
   6.3815993e+02
   6.3815793e+02
   6.3815596e+02
   6.3815401e+02
   6.3815209e+02
   6.3815019e+02
   6.3814831e+02
   6.3814646e+02
   6.3814464e+02
   6.3814283e+02
   6.3814106e+02
   6.3813930e+02
   6.3813758e+02
   6.3813587e+02
   6.3813419e+02
   6.3813254e+02
   6.3813091e+02
   6.3812931e+02
   6.3812773e+02
   6.3812618e+02
   6.3812465e+02
   6.3812315e+02
   6.3812168e+02
   6.3812023e+02
   6.3811880e+02
   6.3811741e+02
   6.3811603e+02
   6.3811469e+02
   6.3811337e+02
   6.3811207e+02
   6.3811080e+02
   6.3810956e+02
   6.3810834e+02
   6.3810715e+02
   6.3810599e+02
   6.3810485e+02
   6.3810373e+02
   6.3810265e+02
   6.3810159e+02
   6.3810056e+02
   6.3809955e+02
   6.3809857e+02
   6.3809761e+02
   6.3809668e+02
   6.3809578e+02
   6.3809491e+02
   6.3809406e+02
   6.3809323e+02
   6.3809244e+02
   6.3809167e+02
   6.3809093e+02
   6.3809021e+02
   6.3808952e+02
   6.3808885e+02
   6.3808822e+02
   6.3808760e+02
   6.3808702e+02
   6.3808646e+02
   6.3808593e+02
   6.3808542e+02
   6.3808494e+02
   6.3808449e+02
   6.3808406e+02
   6.3808366e+02
   6.3808328e+02
   6.3808293e+02
   6.3808261e+02
   6.3808231e+02
   6.3808204e+02
   6.3808180e+02
   6.3808158e+02
   6.3808139e+02
   6.3808122e+02
   6.3808108e+02
   6.3808096e+02
   6.3808087e+02
   6.3808081e+02
   6.3808077e+02
   6.3808076e+02
   6.3808077e+02
   6.3808081e+02
   6.3808087e+02
   6.3808096e+02
   6.3808107e+02
   6.3808121e+02
   6.3808137e+02
   6.3808156e+02
   6.3808178e+02
   6.3808201e+02
   6.3808228e+02
   6.3808257e+02
   6.3808288e+02
   6.3808322e+02
   6.3808358e+02
   6.3808396e+02
   6.3808437e+02
   6.3808481e+02
   6.3808526e+02
   6.3808575e+02
   6.3808625e+02
   6.3808678e+02
   6.3808734e+02
   6.3808791e+02
   6.3808851e+02
   6.3808914e+02
   6.3808978e+02
   6.3809045e+02
   6.3809115e+02
   6.3809186e+02
   6.3809260e+02
   6.3809336e+02
   6.3809414e+02
   6.3809495e+02
   6.3809578e+02
   6.3809663e+02
   6.3809750e+02
   6.3809840e+02
   6.3809931e+02
   6.3810025e+02
   6.3810121e+02
   6.3810219e+02
   6.3810319e+02
   6.3810422e+02
   6.3810526e+02
   6.3810633e+02
   6.3810741e+02
   6.3810852e+02
   6.3810965e+02
   6.3811079e+02
   6.3811196e+02
   6.3811315e+02
   6.3811436e+02
   6.3811558e+02
   6.3811683e+02
   6.3811809e+02
   6.3811938e+02
   6.3812068e+02
   6.3812201e+02
   6.3812335e+02
   6.3812471e+02
   6.3812609e+02
   6.3812749e+02
   6.3812890e+02
   6.3813033e+02
   6.3813179e+02
   6.3813326e+02
   6.3813474e+02
   6.3813625e+02
   6.3813777e+02
   6.3813930e+02
   6.3814086e+02
   6.3814243e+02
   6.3814402e+02
   6.3814562e+02
   6.3814724e+02
   6.3814888e+02
   6.3815053e+02
   6.3815220e+02
   6.3815388e+02
   6.3815558e+02
   6.3815729e+02
   6.3815902e+02
   6.3816077e+02
   6.3816252e+02
   6.3816430e+02
   6.3816608e+02
   6.3816788e+02
   6.3816970e+02
   6.3817152e+02
   6.3817337e+02
   6.3817522e+02
   6.3817709e+02
   6.3817897e+02
   6.3818086e+02
   6.3818277e+02
   6.3818468e+02
   6.3818661e+02
   6.3818856e+02
   6.3819051e+02
   6.3819247e+02
   6.3819445e+02
   6.3819644e+02
   6.3819844e+02
   6.3820045e+02
   6.3820247e+02
   6.3820450e+02
   6.3820654e+02
   6.3820859e+02
   6.3821065e+02
   6.3821272e+02
   6.3821480e+02
   6.3821689e+02
   6.3821899e+02
   6.3822109e+02
   6.3822321e+02
   6.3822533e+02
   6.3822746e+02
   6.3822960e+02
   6.3823175e+02
   6.3823391e+02
   6.3823607e+02
   6.3823824e+02
   6.3824042e+02
   6.3824260e+02
   6.3824479e+02
   6.3824699e+02
   6.3824919e+02
   6.3825140e+02
   6.3825362e+02
   6.3825584e+02
   6.3825806e+02
   6.3826029e+02
   6.3826253e+02
   6.3826477e+02
   6.3826702e+02
   6.3826927e+02
   6.3827152e+02
   6.3827378e+02
   6.3827605e+02
   6.3827831e+02
   6.3828058e+02
   6.3828286e+02
   6.3828513e+02
   6.3828741e+02
   6.3828969e+02
   6.3829198e+02
   6.3829426e+02
   6.3829655e+02
   6.3829884e+02
   6.3830113e+02
   6.3830343e+02
   6.3830572e+02
   6.3830802e+02
   6.3831032e+02
   6.3831261e+02
   6.3831491e+02
   6.3831721e+02
   6.3831951e+02
   6.3832181e+02
   6.3832410e+02
   6.3832640e+02
   6.3832870e+02
   6.3833100e+02
   6.3833329e+02
   6.3833558e+02
   6.3833788e+02
   6.3834017e+02
   6.3834246e+02
   6.3834474e+02
   6.3834703e+02
   6.3834931e+02
   6.3835159e+02
   6.3835387e+02
   6.3835614e+02
   6.3835842e+02
   6.3836068e+02
   6.3836295e+02
   6.3836521e+02
   6.3836747e+02
   6.3836972e+02
   6.3837197e+02
   6.3837421e+02
   6.3837645e+02
   6.3837869e+02
   6.3838092e+02
   6.3838315e+02
   6.3838537e+02
   6.3838758e+02
   6.3838979e+02
   6.3839199e+02
   6.3839419e+02
   6.3839638e+02
   6.3839857e+02
   6.3840075e+02
   6.3840292e+02
   6.3840508e+02
   6.3840724e+02
   6.3840939e+02
   6.3841154e+02
   6.3841367e+02
   6.3841580e+02
   6.3841792e+02
   6.3842004e+02
   6.3842214e+02
   6.3842424e+02
   6.3842633e+02
   6.3842841e+02
   6.3843048e+02
   6.3843254e+02
   6.3843460e+02
   6.3843664e+02
   6.3843868e+02
   6.3844070e+02
   6.3844272e+02
   6.3844472e+02
   6.3844672e+02
   6.3844870e+02
   6.3845068e+02
   6.3845265e+02
   6.3845460e+02
   6.3845655e+02
   6.3845848e+02
   6.3846040e+02
   6.3846231e+02
   6.3846422e+02
   6.3846610e+02
   6.3846798e+02
   6.3846985e+02
   6.3847170e+02
   6.3847355e+02
   6.3847538e+02
   6.3847720e+02
   6.3847900e+02
   6.3848080e+02
   6.3848258e+02
   6.3848435e+02
   6.3848611e+02
   6.3848785e+02
   6.3848958e+02
   6.3849130e+02
   6.3849300e+02
   6.3849469e+02
   6.3849637e+02
   6.3849804e+02
   6.3849969e+02
   6.3850133e+02
   6.3850295e+02
   6.3850456e+02
   6.3850615e+02
   6.3850774e+02
   6.3850930e+02
   6.3851086e+02
   6.3851239e+02
   6.3851392e+02
   6.3851543e+02
   6.3851692e+02
   6.3851840e+02
   6.3851987e+02
   6.3852132e+02
   6.3852275e+02
   6.3852417e+02
   6.3852558e+02
   6.3852697e+02
   6.3852834e+02
   6.3852970e+02
   6.3853104e+02
   6.3853237e+02
   6.3853368e+02
   6.3853498e+02
   6.3853626e+02
   6.3853752e+02
   6.3853877e+02
   6.3854000e+02
   6.3854122e+02
   6.3854242e+02
   6.3854360e+02
   6.3854477e+02
   6.3854592e+02
   6.3854705e+02
   6.3854817e+02
   6.3854927e+02
   6.3855036e+02
   6.3855143e+02
   6.3855248e+02
   6.3855351e+02
   6.3855453e+02
   6.3855553e+02
   6.3855652e+02
   6.3855748e+02
   6.3855843e+02
   6.3855937e+02
   6.3856028e+02
   6.3856118e+02
   6.3856207e+02
   6.3856293e+02
   6.3856378e+02
   6.3856461e+02
   6.3856542e+02
   6.3856622e+02
   6.3856700e+02
   6.3856776e+02
   6.3856850e+02
   6.3856923e+02
   6.3856994e+02
   6.3857063e+02
   6.3857131e+02
   6.3857196e+02
   6.3857260e+02
   6.3857322e+02
   6.3857383e+02
   6.3857442e+02
   6.3857499e+02
   6.3857554e+02
   6.3857607e+02
   6.3857659e+02
   6.3857709e+02
   6.3857757e+02
   6.3857804e+02
   6.3857848e+02
   6.3857891e+02
   6.3857933e+02
   6.3857972e+02
   6.3858010e+02
   6.3858046e+02
   6.3858080e+02
   6.3858112e+02
   6.3858143e+02
   6.3858172e+02
   6.3858199e+02
   6.3858225e+02
   6.3858249e+02
   6.3858271e+02
   6.3858291e+02
   6.3858310e+02
   6.3858326e+02
   6.3858342e+02
   6.3858355e+02
   6.3858367e+02
   6.3858377e+02
   6.3858385e+02
   6.3858391e+02
   6.3858396e+02
   6.3858399e+02
   6.3858401e+02
   6.3858401e+02
   6.3858399e+02
   6.3858395e+02
   6.3858390e+02
   6.3858383e+02
   6.3858374e+02
   6.3858364e+02
   6.3858352e+02
   6.3858338e+02
   6.3858323e+02
   6.3858306e+02
   6.3858287e+02
   6.3858267e+02
   6.3858245e+02
   6.3858222e+02
   6.3858197e+02
   6.3858170e+02
   6.3858141e+02
   6.3858112e+02
   6.3858080e+02
   6.3858047e+02
   6.3858012e+02
   6.3857976e+02
   6.3857938e+02
   6.3857899e+02
   6.3857858e+02
   6.3857815e+02
   6.3857771e+02
   6.3857726e+02
   6.3857679e+02
   6.3857630e+02
   6.3857580e+02
   6.3857528e+02
   6.3857475e+02
   6.3857420e+02
   6.3857364e+02
   6.3857307e+02
   6.3857248e+02
   6.3857187e+02
   6.3857125e+02
   6.3857062e+02
   6.3856997e+02
   6.3856931e+02
   6.3856864e+02
   6.3856795e+02
   6.3856724e+02
   6.3856652e+02
   6.3856579e+02
   6.3856505e+02
   6.3856429e+02
   6.3856352e+02
   6.3856273e+02
   6.3856193e+02
   6.3856112e+02
   6.3856030e+02
   6.3855946e+02
   6.3855861e+02
   6.3855775e+02
   6.3855687e+02
   6.3855598e+02
   6.3855508e+02
   6.3855417e+02
   6.3855324e+02
   6.3855231e+02
   6.3855136e+02
   6.3855040e+02
   6.3854942e+02
   6.3854844e+02
   6.3854744e+02
   6.3854644e+02
   6.3854542e+02
   6.3854439e+02
   6.3854335e+02
   6.3854229e+02
   6.3854123e+02
   6.3854016e+02
   6.3853907e+02
   6.3853798e+02
   6.3853687e+02
   6.3853576e+02
   6.3853463e+02
   6.3853350e+02
   6.3853235e+02
   6.3853120e+02
   6.3853003e+02
   6.3852886e+02
   6.3852767e+02
   6.3852648e+02
   6.3852528e+02
   6.3852407e+02
   6.3852285e+02
   6.3852162e+02
   6.3852038e+02
   6.3851913e+02
   6.3851788e+02
   6.3851662e+02
   6.3851535e+02
   6.3851407e+02
   6.3851278e+02
   6.3851148e+02
   6.3851018e+02
   6.3850887e+02
   6.3850755e+02
   6.3850623e+02
   6.3850490e+02
   6.3850356e+02
   6.3850221e+02
   6.3850086e+02
   6.3849950e+02
   6.3849814e+02
   6.3849676e+02
   6.3849539e+02
   6.3849400e+02
   6.3849261e+02
   6.3849122e+02
   6.3848981e+02
   6.3848841e+02
   6.3848699e+02
   6.3848558e+02
   6.3848415e+02
   6.3848272e+02
   6.3848129e+02
   6.3847985e+02
   6.3847841e+02
   6.3847696e+02
   6.3847551e+02
   6.3847406e+02
   6.3847260e+02
   6.3847113e+02
   6.3846967e+02
   6.3846820e+02
   6.3846672e+02
   6.3846524e+02
   6.3846376e+02
   6.3846228e+02
   6.3846079e+02
   6.3845930e+02
   6.3845780e+02
   6.3845631e+02
   6.3845481e+02
   6.3845331e+02
   6.3845181e+02
   6.3845030e+02
   6.3844879e+02
   6.3844728e+02
   6.3844577e+02
   6.3844426e+02
   6.3844275e+02
   6.3844123e+02
   6.3843972e+02
   6.3843820e+02
   6.3843668e+02
   6.3843516e+02
   6.3843364e+02
   6.3843212e+02
   6.3843060e+02
   6.3842908e+02
   6.3842756e+02
   6.3842604e+02
   6.3842452e+02
   6.3842300e+02
   6.3842148e+02
   6.3841996e+02
   6.3841844e+02
   6.3841692e+02
   6.3841540e+02
   6.3841389e+02
   6.3841237e+02
   6.3841086e+02
   6.3840935e+02
   6.3840783e+02
   6.3840632e+02
   6.3840482e+02
   6.3840331e+02
   6.3840181e+02
   6.3840031e+02
   6.3839881e+02
   6.3839731e+02
   6.3839581e+02
   6.3839432e+02
   6.3839283e+02
   6.3839135e+02
   6.3838986e+02
   6.3838838e+02
   6.3838690e+02
   6.3838543e+02
   6.3838396e+02
   6.3838249e+02
   6.3838103e+02
   6.3837957e+02
   6.3837812e+02
   6.3837666e+02
   6.3837522e+02
   6.3837377e+02
   6.3837233e+02
   6.3837090e+02
   6.3836947e+02
   6.3836804e+02
   6.3836662e+02
   6.3836521e+02
   6.3836380e+02
   6.3836239e+02
   6.3836099e+02
   6.3835960e+02
   6.3835821e+02
   6.3835682e+02
   6.3835545e+02
   6.3835407e+02
   6.3835271e+02
   6.3835135e+02
   6.3834999e+02
   6.3834864e+02
   6.3834730e+02
   6.3834596e+02
   6.3834463e+02
   6.3834331e+02
   6.3834199e+02
   6.3834068e+02
   6.3833938e+02
   6.3833808e+02
   6.3833680e+02
   6.3833551e+02
   6.3833424e+02
   6.3833297e+02
   6.3833171e+02
   6.3833046e+02
   6.3832921e+02
   6.3832797e+02
   6.3832674e+02
   6.3832552e+02
   6.3832431e+02
   6.3832310e+02
   6.3832190e+02
   6.3832071e+02
   6.3831953e+02
   6.3831836e+02
   6.3831719e+02
   6.3831603e+02
   6.3831489e+02
   6.3831375e+02
   6.3831261e+02
   6.3831149e+02
   6.3831038e+02
   6.3830927e+02
   6.3830818e+02
   6.3830709e+02
   6.3830601e+02
   6.3830494e+02
   6.3830389e+02
   6.3830283e+02
   6.3830179e+02
   6.3830076e+02
   6.3829974e+02
   6.3829873e+02
   6.3829773e+02
   6.3829673e+02
   6.3829575e+02
   6.3829478e+02
   6.3829381e+02
   6.3829286e+02
   6.3829192e+02
   6.3829098e+02
   6.3829006e+02
   6.3828914e+02
   6.3828824e+02
   6.3828735e+02
   6.3828647e+02
   6.3828559e+02
   6.3828473e+02
   6.3828388e+02
   6.3828304e+02
   6.3828221e+02
   6.3828139e+02
   6.3828058e+02
   6.3827978e+02
   6.3827899e+02
   6.3827821e+02
   6.3827745e+02
   6.3827669e+02
   6.3827595e+02
   6.3827521e+02
   6.3827449e+02
   6.3827378e+02
   6.3827307e+02
   6.3827238e+02
   6.3827170e+02
   6.3827104e+02
   6.3827038e+02
   6.3826973e+02
   6.3826910e+02
   6.3826848e+02
   6.3826786e+02
   6.3826726e+02
   6.3826667e+02
   6.3826609e+02
   6.3826553e+02
   6.3826497e+02
   6.3826443e+02
   6.3826389e+02
   6.3826337e+02
   6.3826286e+02
   6.3826236e+02
   6.3826187e+02
   6.3826140e+02
   6.3826093e+02
   6.3826048e+02
   6.3826004e+02
   6.3825961e+02
   6.3825919e+02
   6.3825878e+02
   6.3825838e+02
   6.3825800e+02
   6.3825763e+02
   6.3825726e+02
   6.3825692e+02
   6.3825658e+02
   6.3825625e+02
   6.3825593e+02
   6.3825563e+02
   6.3825534e+02
   6.3825506e+02
   6.3825479e+02
   6.3825453e+02
   6.3825428e+02
   6.3825405e+02
   6.3825383e+02
   6.3825361e+02
   6.3825341e+02
   6.3825323e+02
   6.3825305e+02
   6.3825288e+02
   6.3825273e+02
   6.3825258e+02
   6.3825245e+02
   6.3825233e+02
   6.3825222e+02
   6.3825212e+02
   6.3825204e+02
   6.3825196e+02
   6.3825190e+02
   6.3825185e+02
   6.3825180e+02
   6.3825177e+02
   6.3825176e+02
   6.3825175e+02
   6.3825175e+02
   6.3825176e+02
   6.3825179e+02
   6.3825183e+02
   6.3825187e+02
   6.3825193e+02
   6.3825200e+02
   6.3825208e+02
   6.3825217e+02
   6.3825227e+02
   6.3825239e+02
   6.3825251e+02
   6.3825265e+02
   6.3825279e+02
   6.3825295e+02
   6.3825311e+02
   6.3825329e+02
   6.3825348e+02
   6.3825367e+02
   6.3825388e+02
   6.3825410e+02
   6.3825433e+02
   6.3825457e+02
   6.3825482e+02
   6.3825508e+02
   6.3825535e+02
   6.3825563e+02
   6.3825592e+02
   6.3825622e+02
   6.3825653e+02
   6.3825685e+02
   6.3825718e+02
   6.3825752e+02
   6.3825787e+02
   6.3825823e+02
   6.3825860e+02
   6.3825898e+02
   6.3825937e+02
   6.3825977e+02
   6.3826018e+02
   6.3826059e+02
   6.3826102e+02
   6.3826146e+02
   6.3826190e+02
   6.3826236e+02
   6.3826282e+02
   6.3826329e+02
   6.3826377e+02
   6.3826426e+02
   6.3826476e+02
   6.3826527e+02
   6.3826579e+02
   6.3826631e+02
   6.3826685e+02
   6.3826739e+02
   6.3826794e+02
   6.3826850e+02
   6.3826907e+02
   6.3826964e+02
   6.3827023e+02
   6.3827082e+02
   6.3827142e+02
   6.3827203e+02
   6.3827265e+02
   6.3827327e+02
   6.3827390e+02
   6.3827454e+02
   6.3827519e+02
   6.3827584e+02
   6.3827651e+02
   6.3827718e+02
   6.3827785e+02
   6.3827854e+02
   6.3827923e+02
   6.3827993e+02
   6.3828064e+02
   6.3828135e+02
   6.3828207e+02
   6.3828280e+02
   6.3828353e+02
   6.3828427e+02
   6.3828502e+02
   6.3828577e+02
   6.3828653e+02
   6.3828729e+02
   6.3828807e+02
   6.3828885e+02
   6.3828963e+02
   6.3829042e+02
   6.3829122e+02
   6.3829202e+02
   6.3829283e+02
   6.3829364e+02
   6.3829446e+02
   6.3829529e+02
   6.3829612e+02
   6.3829695e+02
   6.3829779e+02
   6.3829864e+02
   6.3829949e+02
   6.3830035e+02
   6.3830121e+02
   6.3830208e+02
   6.3830295e+02
   6.3830383e+02
   6.3830471e+02
   6.3830559e+02
   6.3830648e+02
   6.3830737e+02
   6.3830827e+02
   6.3830918e+02
   6.3831008e+02
   6.3831099e+02
   6.3831191e+02
   6.3831283e+02
   6.3831375e+02
   6.3831467e+02
   6.3831560e+02
   6.3831654e+02
   6.3831747e+02
   6.3831841e+02
   6.3831936e+02
   6.3832030e+02
   6.3832125e+02
   6.3832220e+02
   6.3832316e+02
   6.3832412e+02
   6.3832508e+02
