0.692504	0.274276	-0.0332196	20
0.720433	0.269965	-0.00960208	21
0.74925	0.265512	0.0147616	22
0.77922	0.260915	0.0401351	23
0.810389	0.256176	0.0665647	24
0.842804	0.251294	0.0940981	25
0.876517	0.246269	0.122785	26
0.911577	0.241101	0.152678	27
0.91298	0.235791	0.14877	28
0.914384	0.230337	0.144721	29
0.915791	0.224741	0.140532	30
0.9172	0.219002	0.136202	31
0.918611	0.21312	0.131731	32
0.920024	0.207096	0.12712	33
0.92144	0.200928	0.122368	34
0.921496	0.194618	0.116114	35
0.921553	0.188165	0.109718	36
0.921609	0.181569	0.103178	37
0.921666	0.17483	0.0964961	38
0.921723	0.167948	0.0896712	39
0.921779	0.160924	0.0827034	40
0.921836	0.153757	0.0755928	41
